3.697113193644117501e+00
2.335589982357392014e+00
1.105629707983609045e+00
8.650763855041690986e-01
6.461477297259508035e-01
6.643999144405623447e-01
7.054387318568776655e-01
5.094816059684879050e-01
5.326533626473684002e-01
5.304105944499899472e-01
4.365005840092242018e-01
5.162831449724863964e-01
4.457819880355329278e-01
3.789157557380873342e-01
4.566170467662109544e-01
3.429074711844181111e-01
4.182082383848413354e-01
3.707127681762011351e-01
3.671669504405006279e-01
3.757293855816287720e-01
3.525422989189482825e-01
3.469040141252765497e-01
3.037189113830037202e-01
3.317584666395874682e-01
3.322956188902510544e-01
3.094790284036168515e-01
2.987413875397705310e-01
3.019476484091332957e-01
3.144656980041300454e-01
2.827070451674136287e-01
3.092857306833086684e-01
2.619969041075912441e-01
2.848127036169224024e-01
2.346147492556314162e-01
2.902418930188253032e-01
2.240775422206656153e-01
3.004481558161066213e-01
2.920764490320643114e-01
3.277531303968577725e-01
3.218609110716769695e-01
3.185390563182762813e-01
2.712184172089943668e-01
2.514284613285991954e-01
2.727325425532922121e-01
1.981938185502858385e-01
2.946623466689204385e-01
2.785654158485858511e-01
2.763274475352165416e-01
3.088990114599718395e-01
2.378445066058634261e-01
1.950461724431539201e-01
2.569777966954127080e-01
2.089909195624613525e-01
3.709913986368811867e-01
3.054467634740142268e-01
2.794512359494468190e-01
2.347509535756400756e-01
2.716511910196486301e-01
2.319634768788449430e-01
2.823020131290838730e-01
1.906416986073377617e-01
1.962251325510872002e-01
2.287071840279819024e-01
2.458520258646395007e-01
2.749177518364427364e-01
2.573839366608827728e-01
2.440417473849950669e-01
1.639304823508788422e-01
1.785770012076137447e-01
2.096046863931099180e-01
1.861647702726488551e-01
2.029207759652648657e-01
1.798045878283359156e-01
2.660862120096529337e-01
2.033518985261211220e-01
1.952302499644788525e-01
3.054461998151423163e-01
2.456743593408073356e-01
2.074048426459793593e-01
1.502691843821047368e-01
1.818367977470485564e-01
2.291800015751451203e-01
1.868904760690381084e-01
2.492494096912738766e-01
1.921583329126235196e-01
2.201495673919050267e-01
1.997030348629334484e-01
2.018976669478710906e-01
1.618879829769949985e-01
1.842812350939267430e-01
1.902212067626695147e-01
1.850206721599747528e-01
2.030115319129150997e-01
2.052878094968534906e-01
1.986890763617384370e-01
1.481172266235078472e-01
1.932883628201093607e-01
2.088955139006360984e-01
2.166126314047967794e-01
1.785049560490062359e-01
2.060924297170562691e-01
1.705268898501923758e-01
1.774477653274718625e-01
1.450905631719151823e-01
1.183701241073144561e-01
1.339885029384996207e-01
1.728327074345022973e-01
1.544314140232020127e-01
2.156118221333890583e-01
1.782810189887680252e-01
1.741463993878351602e-01
1.648777351407547109e-01
2.069455109677519333e-01
1.753546344088528219e-01
1.455778680023058769e-01
1.768883242192604566e-01
1.547398236485545142e-01
1.342270998158483775e-01
1.988063052608530779e-01
1.743823447686425332e-01
1.477879458948651581e-01
1.533686008080328289e-01
1.473062952414597171e-01
1.325116909885607486e-01
1.476487410433800496e-01
1.225394272272101182e-01
1.305440308968840168e-01
1.095257233668407854e-01
1.062086628279044903e-01
1.386157870715392093e-01
1.120459469523162194e-01
1.450879710967806491e-01
1.748522085080662647e-01
1.540156317417492038e-01
1.375095128152105106e-01
1.793012624833995872e-01
1.281300742100047185e-01
1.521280000848185820e-01
1.226707070807789013e-01
1.357541448912684967e-01
1.496014683975817605e-01
1.493771851367107217e-01
1.258998204480260008e-01
1.113948493538990947e-01
1.075123791015355768e-01
1.160496393611129134e-01
1.671438946297968964e-01
1.047119355716943645e-01
1.891770532090855661e-01
1.306604815449460277e-01
1.193725678580378896e-01
9.615944060737659227e-02
1.245774575753285929e-01
1.275184062954903275e-01
1.328269325074014351e-01
1.405110459375302212e-01
1.687192585946177548e-01
1.729679337324341593e-01
1.621173544600320315e-01
1.224689490871181952e-01
1.200351055498715819e-01
1.089997114010582968e-01
1.352246720587882700e-01
1.124037998422988682e-01
1.512433726004427381e-01
2.030478678663102943e-01
1.447369736022051934e-01
1.587373074757882641e-01
1.615651614408881720e-01
1.455540267788308917e-01
1.144430067190677497e-01
8.335262375153884573e-02
1.166120285061491846e-01
1.565288262091229787e-01
1.563675872241405140e-01
1.268724475333028456e-01
1.809587297701284458e-01
1.332721806571134371e-01
1.922560320346001772e-01
1.523806435852907981e-01
1.493656889771567131e-01
1.488889391318510003e-01
1.205037238444371522e-01
1.130622401667170929e-01
9.919635790823172483e-02
1.146531986600105857e-01
1.192114073422048115e-01
9.015750014933035517e-02
1.311560405717032141e-01
1.087375093350597399e-01
1.431954159872664278e-01
1.318263701074448291e-01
1.249055019090510588e-01
9.161408389740710589e-02
1.208877570418981084e-01
1.243983879907309131e-01
9.516278364303126791e-02
1.299099648459169087e-01
1.100750319534855581e-01
1.171997675380192228e-01
8.549230032640986465e-02
1.049521791096415663e-01
1.051097534818224016e-01
1.307622395162555129e-01
9.585743128962107007e-02
8.919510331060152841e-02
1.438725327301941248e-01
1.097704980571622413e-01
1.583890433159606814e-01
9.569504377284379637e-02
1.086105182120411239e-01
1.515130477116965468e-01
1.140161341779628301e-01
1.133318907172147505e-01
1.136874748022326659e-01
1.039963856956261923e-01
8.556614291304784348e-02
1.348084831578241771e-01
8.802859165011189813e-02
8.570422047354747663e-02
9.555732079347556418e-02
1.001130313343054079e-01
1.590699180824971526e-01
1.935112949468988930e-01
1.274362921718538155e-01
8.572627191017594128e-02
1.124167048952960657e-01
9.805568678447593167e-02
1.150436856959723420e-01
9.721170688758928868e-02
1.602667687325331491e-01
1.011403071575752433e-01
1.050183633398426575e-01
9.056879699372266668e-02
1.193700282198591617e-01
1.502088100490626410e-01
9.172889317336213599e-02
1.401066060963697679e-01
6.998119661319271434e-02
7.407459197241603177e-02
7.058677997377216240e-02
7.526111682322222940e-02
7.886456274980026271e-02
8.886671550914462814e-02
6.647926637465199906e-02
7.468792463763818112e-02
9.171729538667958148e-02
8.058711606858072474e-02
9.619578596009037419e-02
9.799818812574032090e-02
8.397658952791982323e-02
9.139980178702740432e-02
8.532681949462153637e-02
6.401256229379245766e-02
5.628442420029384358e-02
8.357910249104048839e-02
1.288462663273780839e-01
6.398313572056749110e-02
8.850450805346962713e-02
8.709296556234343012e-02
7.618900525708618976e-02
7.830818171487877177e-02
6.234853859109543150e-02
7.126446445449048650e-02
9.871770486733462413e-02
9.606832388158424718e-02
7.677945011195086433e-02
4.400547994871545354e-02
7.770257882935363569e-02
9.138071706815864559e-02
6.857900919137682738e-02
1.031729261129410435e-01
6.686522515574380710e-02
9.323018511179578804e-02
7.717745994914940177e-02
6.691916320049931532e-02
5.556842969158813650e-02
9.228344746263948684e-02
7.266222210637793277e-02
7.105787196445244314e-02
7.870459597915738237e-02
4.680263645699413166e-02
6.243766898369461360e-02
5.561704714483515360e-02
7.826392475834456630e-02
9.732984027060631593e-02
7.659400596913923387e-02
8.340836758694784858e-02
8.788840346820112059e-02
8.796686677038551005e-02
6.310708202378884080e-02
7.851347066586268630e-02
6.615360802065597956e-02
6.028480289525889324e-02
7.954690622525729948e-02
1.047029547078018596e-01
9.998618502056050295e-02
6.987126647632373178e-02
1.152780639705511395e-01
6.564450200820393100e-02
7.731042148932702751e-02
1.160398779076702996e-01
6.252658020325355115e-02
1.055154402035547723e-01
9.015646419410770773e-02
5.130252015120828624e-02
1.001728130661869720e-01
9.393560633450392938e-02
7.497825607128863479e-02
1.057643125080744151e-01
7.718200666984045832e-02
4.961431804642901094e-02
6.890237063068538337e-02
6.124625709138183105e-02
6.993549267591341045e-02
5.826131236283324522e-02
9.392111692737559192e-02
1.340151175587595000e-01
7.798040007195855550e-02
8.071046617527216638e-02
8.088722699897749058e-02
8.342901257768295387e-02
6.776351411234435296e-02
7.750756129542815676e-02
4.621727144132304482e-02
7.358640310762253056e-02
8.838308194667104933e-02
7.126360290348282556e-02
6.965047820268907564e-02
6.402605990716747630e-02
8.520070439745672242e-02
7.079123925393444872e-02
9.577269749396227771e-02
8.428895111778492155e-02
6.254075197851102774e-02
7.979238340236564919e-02
7.149050125244529874e-02
6.850027998814887942e-02
7.103044363685886986e-02
1.040642028997987856e-01
7.379596175771124811e-02
1.051052142948694229e-01
5.700658304363066808e-02
7.641041465419812218e-02
1.103283346681458166e-01
6.219101695693189658e-02
8.688035722183319598e-02
6.694737382859219932e-02
5.335152354974297129e-02
1.024146558484292924e-01
5.187275573902822706e-02
7.997693538053979312e-02
6.719975436835985694e-02
4.754961566458318356e-02
6.472678077734560220e-02
6.776233158718278360e-02
5.176577974204828181e-02
2.993038520827581705e-02
5.513695019886585835e-02
4.682871892535623443e-02
5.611668126013819036e-02
7.186383992488543093e-02
4.200643376867037315e-02
4.440144086566168158e-02
7.027262023663025103e-02
9.364706610670220366e-02
9.634478357750095312e-02
5.212033514849070959e-02
5.116081418289035454e-02
7.790962882662016975e-02
5.902951461834157754e-02
4.777161788005351850e-02
7.374783752414376670e-02
5.411553926520912966e-02
7.122406382126558744e-02
8.568425173612662094e-02
7.497030169597437843e-02
7.604041132038104334e-02
4.975788317088312984e-02
4.896552562262346947e-02
5.800785766628016593e-02
5.520705397880276699e-02
6.083229749713190554e-02
3.470739122967583801e-02
3.257732418409108044e-02
5.317879829620221488e-02
6.976899165869798747e-02
5.166147004484494126e-02
6.917754173733040024e-02
3.895166032826861968e-02
3.536406056890543936e-02
6.426069521585997535e-02
9.196009230612509078e-02
4.036104327255785745e-02
4.043778235477079458e-02
3.617766937888213657e-02
5.581160278108557998e-02
4.086730189930423696e-02
6.034597218106681205e-02
7.703266659892120394e-02
7.243726804817261777e-02
5.977694028109190039e-02
4.343427789920356608e-02
4.242958232465313118e-02
6.348266436083131736e-02
4.683750046022946978e-02
4.272192301885165133e-02
8.172169015439319228e-02
6.500053792696651456e-02
6.012573583011734946e-02
4.680336911714804565e-02
4.461785787600223985e-02
5.151403569290208262e-02
5.972686646542841454e-02
4.251227430756552433e-02
7.936646997280299987e-02
9.045802382522871721e-02
6.903043640572716078e-02
6.717233095501837226e-02
8.549432559440471591e-02
3.434866852248502633e-02
7.159805907355411281e-02
4.767739691732843232e-02
4.979948832786403740e-02
5.497576659313496705e-02
4.841703038324023101e-02
4.676306853900062677e-02
4.235619022431309777e-02
4.379399633966075955e-02
4.201201929341910613e-02
9.166631762220012192e-02
6.948547749010042240e-02
6.063090742050100679e-02
5.734424834990752701e-02
5.163671087909139229e-02
5.753184333521913635e-02
7.639712058414502294e-02
4.669227313366043630e-02
6.855969225518870891e-02
3.841508918859232180e-02
4.898949330959387338e-02
5.122319493287615794e-02
6.144219516769472422e-02
4.685361823462876052e-02
5.269930664107676244e-02
3.953433820896203738e-02
3.278376403749298090e-02
9.417951958988154959e-02
4.560537060040508600e-02
4.157606368266290875e-02
4.072161632030590200e-02
5.798776076191734102e-02
5.997928942258265450e-02
5.175930121171438969e-02
4.074596443290270237e-02
3.028483611642528162e-02
6.424425313614536004e-02
4.138873757738432968e-02
6.595997607313330846e-02
5.657509084006734357e-02
5.872636964419096495e-02
3.497351186948788326e-02
3.642584778039813231e-02
6.556808435157220061e-02
5.508183508038963505e-02
2.365750634476973882e-02
4.427241762600457597e-02
3.883617199915610080e-02
3.630054159023279881e-02
6.040002605977635997e-02
7.285982756081885170e-02
9.286137163439296682e-02
5.663740041859798013e-02
5.732784169375852723e-02
3.630031687385759653e-02
2.783325695290492577e-02
2.506076924555690130e-02
3.793503646661410683e-02
2.987059793047316600e-02
3.706108440479569111e-02
2.862896810922806179e-02
3.076889498691070743e-02
3.663824772126841184e-02
2.650788843893903471e-02
6.017749135034945740e-02
2.542332053994118476e-02
4.115725868756225925e-02
3.616313297164348850e-02
2.521603379029679556e-02
2.770233142641327292e-02
4.581653295007832860e-02
4.244866814670827243e-02
6.168908171838201338e-02
5.067538634510926343e-02
4.016887942218921870e-02
3.490359189521814731e-02
5.727369113678656976e-02
5.098106892557631442e-02
3.115160082710579162e-02
2.765607985869240892e-02
4.081743923306210137e-02
3.283615182821814082e-02
6.282488606058764247e-02
5.072834251033978697e-02
4.108294130401439481e-02
4.596968864408723654e-02
5.768174936497394434e-02
3.637774585609137440e-02
2.519362160058368286e-02
3.226365616098587213e-02
2.570412129419605285e-02
4.452276519304768782e-02
3.043586556746679522e-02
3.747010884098581074e-02
3.967078494889889062e-02
3.748492811162660449e-02
4.167355491191816752e-02
2.917670398851204133e-02
3.574219070655480779e-02
3.895341426256696687e-02
3.571383726538544801e-02
2.093641718128337603e-02
4.651861938328135521e-02
2.263562376329216960e-02
4.123875501414769190e-02
2.943395320620944416e-02
4.223664505678911135e-02
3.313284506348189440e-02
3.599394309430336419e-02
3.713044613478923284e-02
2.850052602850207395e-02
3.587324631073898068e-02
4.778664572475138650e-02
3.049325733390876800e-02
6.007999701873461412e-02
6.534975836229361956e-02
6.373683352651998701e-02
4.016171151019408414e-02
3.231975497642877726e-02
2.878422006718347331e-02
4.805966669100072974e-02
3.393089551507659507e-02
2.243812454583359386e-02
4.743853298758823195e-02
5.590194925983385521e-02
5.680055204969952642e-02
5.767939971878238009e-02
3.622824444130311183e-02
4.132300511415900462e-02
6.500189099013850558e-02
4.029386684219879444e-02
3.408989279927555904e-02
4.509463100323674034e-02
3.513476275490649142e-02
5.325233966848015588e-02
3.674785615107008241e-02
7.194835284979678169e-02
3.635507174122171170e-02
4.057428156589419632e-02
1.914136961117035921e-02
2.934885183002208103e-02
4.726049509928179071e-02
3.180656078747454152e-02
4.288606109167012598e-02
3.738088256207895699e-02
4.004626668160649050e-02
3.938813667519146244e-02
4.301783707805020146e-02
4.710757873750602565e-02
6.440670428725481234e-02
4.054033423742748471e-02
4.731648775938564894e-02
4.731045711014392197e-02
4.767902683389337731e-02
2.679956036497906091e-02
5.061430326199995583e-02
3.139560567822615583e-02
2.875264153846632947e-02
3.302714633074108064e-02
3.569711842798407170e-02
2.264242634238708418e-02
2.563661123593895946e-02
2.902466653533713331e-02
2.042510450454447166e-02
3.403432409995395258e-02
4.906348543048004440e-02
5.306784627441309132e-02
2.972423330353044651e-02
4.494466455962242701e-02
6.973451993591719966e-02
7.050978948603892071e-02
1.842632308308098793e-02
2.858642986602484906e-02
3.801727306170016307e-02
1.745307694251441860e-02
2.171973513966553998e-02
2.235727503920033332e-02
1.779799697244360129e-02
2.679828706845943306e-02
1.740793550495389405e-02
2.003714508052843041e-02
3.345310486655564408e-02
1.844720514053149740e-02
2.009914961039940481e-02
2.215151180910054224e-02
3.185279545745717256e-02
2.734322086753698117e-02
2.728610904463825426e-02
3.462456875221382735e-02
4.383624015789529260e-02
2.991644467135722019e-02
1.942778938367851344e-02
3.539231499563910005e-02
2.464851615234778248e-02
1.817465229454371528e-02
2.211761058524833873e-02
2.348613527550889521e-02
2.041455457782338778e-02
4.557704183644651491e-02
2.938862048908838509e-02
1.769648822941402577e-02
1.406320369411768155e-02
2.697608391294979702e-02
3.027166718349039512e-02
3.083867428486953069e-02
1.838441809711381658e-02
2.171620462974904048e-02
4.887982102106159382e-02
3.976926974483141475e-02
1.933376751817712791e-02
2.437856086509775783e-02
1.839172130254368431e-02
2.000482277197344200e-02
3.128134239270324857e-02
1.876460159452787366e-02
2.568739335397903639e-02
2.287447510943746432e-02
6.207168427908343195e-02
3.399587464109006529e-02
1.851403807432235732e-02
3.132701787906939928e-02
3.618942991170406853e-02
1.628548734948908130e-02
5.905534654926496152e-02
3.463806819309574181e-02
3.115687801907213866e-02
2.721799664201519225e-02
1.667280060886879717e-02
3.711375250157994410e-02
3.385311406449888899e-02
2.887020372435594034e-02
2.337233308529314268e-02
5.244930330620106024e-02
1.712326951345584380e-02
2.175911886374002485e-02
2.887373414973671767e-02
4.522913018293475695e-02
2.913636249300982292e-02
2.881842071587144977e-02
3.047567764978187724e-02
2.862688440713799520e-02
5.634675737762970260e-02
2.976720937443380968e-02
2.998218131474473386e-02
2.796677436499275457e-02
2.858351521364790870e-02
2.807283510719121855e-02
2.437010795770597552e-02
2.476834181574177202e-02
1.232342579281891365e-02
3.110230914225874804e-02
5.064112046000238121e-02
2.059431857749194350e-02
3.538666817149782595e-02
2.099618988356291224e-02
3.075765745320498123e-02
2.986580712204880972e-02
2.585686705925927670e-02
2.795672314064218469e-02
2.866890996983469803e-02
3.592084095153445789e-02
1.699359821248934768e-02
1.083703476565182726e-02
5.125244999388441081e-02
2.905362745443147710e-02
3.159478745759970036e-02
2.736707617559940714e-02
3.766586564201054865e-02
1.469328176936540720e-02
3.831783315305173354e-02
2.153634334353301746e-02
2.493286974099553910e-02
2.753420275434158293e-02
2.649493119928963969e-02
3.779230240004985419e-02
3.243828347171740650e-02
1.477270341021592881e-02
2.786582858565979370e-02
2.530555609848677417e-02
2.419473592030603470e-02
2.332415072585419455e-02
3.656264261959613071e-02
3.626231511174042577e-02
2.942885641758006751e-02
2.407615669513778547e-02
3.031386043392218788e-02
2.539827212591135724e-02
2.463514849740371451e-02
1.612223900224239378e-02
4.784510015268469280e-02
1.968404848299829327e-02
9.880414680059427732e-03
1.908714741896082659e-02
9.262761353437525338e-03
2.172339061189450596e-02
2.680830760394725676e-02
1.766366810424935610e-02
1.766893575361196123e-02
1.310916831043136728e-02
1.194764240946007659e-02
1.125695994718691265e-02
1.405757792616935814e-02
1.591896900232879497e-02
1.952935809062714828e-02
2.454520325562628558e-02
1.919692208672956271e-02
1.575278508841219255e-02
2.959529144677228857e-02
2.433354731207301030e-02
3.067709181777276972e-02
1.510049800761359765e-02
2.531477540351327604e-02
1.864552550622636945e-02
2.092205916848394881e-02
1.376981857367637341e-02
1.398845526629276768e-02
1.347827345644638658e-02
1.551138446771998386e-02
1.531526920312726095e-02
1.723658207042534640e-02
9.746486225979428264e-03
1.979274547542902302e-02
2.428326062770435473e-02
2.365139134840765767e-02
3.295183252409066010e-02
9.819589683432090529e-03
2.026205373256206171e-02
2.045249108935669885e-02
9.367821058491524258e-03
1.981461120434655290e-02
2.447364034281893433e-02
2.454206965981556299e-02
2.608957136632873708e-02
1.261972041722178063e-02
1.630658609015690416e-02
1.739058515276974137e-02
3.051894128942717749e-02
3.621869406182785106e-02
2.911036438723005326e-02
1.740288776929289211e-02
1.800321386084021216e-02
1.843985015043585196e-02
2.809485788700728792e-02
1.660121498525873179e-02
1.934387149063263034e-02
1.485159187024724832e-02
2.328074231445591280e-02
2.978008047408309961e-02
2.433504939177612986e-02
1.969726289145717901e-02
1.120273382107330948e-02
2.189216989731101667e-02
1.846529471924744648e-02
3.415994062741169873e-02
3.300470359630658379e-02
1.045001957012173244e-02
2.140975580195582373e-02
1.899576131837571458e-02
2.488184643739471333e-02
1.880821957262367866e-02
1.183067417085052753e-02
1.605688442374476887e-02
2.379712718323501522e-02
2.690970487690968679e-02
1.929056251128614952e-02
2.372245375140968893e-02
1.686635069071069915e-02
2.325104736500035671e-02
2.495995620104032170e-02
1.690893603462851474e-02
1.846943064586511335e-02
1.767522889342871412e-02
3.044045366777189260e-02
1.487083709824666908e-02
1.987628023684302053e-02
1.881261923059592348e-02
1.442128086571051529e-02
1.623501638220984852e-02
3.241148592082070123e-02
1.470716965830046186e-02
2.288916214960507942e-02
1.553854351359260956e-02
2.392541053404575319e-02
1.568312424025006258e-02
1.395667645525372827e-02
1.116009421795383094e-02
2.345711260638648488e-02
1.758229572568385454e-02
2.310843757546773500e-02
1.680922929966002094e-02
1.541195519240780819e-02
2.808654643221456665e-02
3.217732837686496788e-02
3.198918451440500854e-02
3.745555564941863147e-02
1.868884513867458130e-02
2.299777791466993751e-02
2.661634240557221934e-02
2.274592217477174050e-02
2.340481417458395788e-02
2.041794319530931129e-02
1.418235325794771351e-02
1.862346875725983189e-02
2.336311477490744803e-02
2.571942342933952741e-02
2.237293036229356241e-02
1.403135669925258469e-02
1.666982542086083499e-02
7.572382442683779288e-03
8.841499713881151301e-03
1.427076979494950291e-02
1.190413156997199330e-02
7.055029522166899984e-03
9.863681927042875636e-03
1.727752172013882759e-02
1.383267868034974632e-02
1.182804228685123936e-02
1.719733963672865143e-02
2.194852638569843098e-02
2.104827008353873236e-02
1.109021041900380700e-02
8.940226277762180346e-03
7.646733478692553654e-03
9.495413688433679278e-03
8.867174558740309465e-03
1.374137789717012198e-02
1.035305284679241891e-02
2.195989068520606824e-02
1.713140092549681956e-02
9.969324255883083713e-03
1.092249442000846685e-02
1.025339518742268523e-02
1.591886232796326309e-02
2.022812241314608794e-02
2.144303087523906359e-02
1.148983343017576444e-02
1.873574464363227804e-02
1.368602498604353304e-02
1.591946399246643717e-02
1.096408454891384041e-02
1.054925568167149053e-02
2.584687837500542970e-02
1.581869867677224498e-02
9.132408381646665504e-03
1.695310717744878681e-02
9.642010462986155828e-03
2.002969505273471604e-02
2.241031835136254174e-02
1.713635447807440593e-02
1.080939821563160763e-02
1.024192504133865367e-02
1.325549652643630109e-02
1.723082851830923939e-02
1.234232582447512827e-02
6.071048596780205878e-03
1.377911776568476604e-02
2.091384256938558922e-02
1.167791817684168953e-02
7.291121951413296470e-03
1.407954982145886991e-02
1.823631356294646427e-02
1.307617066414706528e-02
7.065913549994759860e-03
1.311197788344288691e-02
1.177618414296066618e-02
1.183358175408376171e-02
7.962078900284269914e-03
9.928256069163619163e-03
1.464522549720260330e-02
1.527548986258222413e-02
1.295010106099693872e-02
4.543207779367820776e-02
1.266624244263851035e-02
9.265885551138726417e-03
1.196108655296367410e-02
1.324478086839808028e-02
1.351997802846425546e-02
9.070372792772934262e-03
1.245370056312400907e-02
1.189892186944481109e-02
1.096298857950991738e-02
7.711904544736279850e-03
1.757458000485461955e-02
1.108715892988113016e-02
1.065985193552583879e-02
1.561394882339584532e-02
2.397697649129862038e-02
9.468757964730390581e-03
1.247155024929890929e-02
1.356010182195073292e-02
8.432552791235939024e-03
8.006840097218699548e-03
3.666372002639538275e-02
2.200327183333731021e-02
1.257895740987744447e-02
1.723474603506184449e-02
9.439666794650922524e-03
8.751069233002894965e-03
1.271540494847168620e-02
5.710084376122349231e-03
1.272048572431457372e-02
1.430000418755621172e-02
1.179899347197405253e-02
1.541968348636881675e-02
1.329187734181712550e-02
3.117651845610537598e-02
1.414332763814148131e-02
1.826775151829876723e-02
1.367487954813080553e-02
1.762887343236628837e-02
1.458675279027183899e-02
1.429060428045603875e-02
2.314870965622040436e-02
1.453368073246522237e-02
8.797708433760199204e-03
1.709098302882117865e-02
9.651834991326871047e-03
1.613937595146712131e-02
1.153538676358548468e-02
1.463220521922054332e-02
9.210337798595100503e-03
1.010472358752357441e-02
3.233135605070988627e-02
1.642049614234571825e-02
2.400627374330445776e-02
1.783313135249329356e-02
1.148129928651836842e-02
8.988870192523529604e-03
1.460609793682632329e-02
1.224816971038618016e-02
1.573314434648295096e-02
1.204307827328921811e-02
8.304813709454079984e-03
5.663423588817748794e-03
1.323229847008903365e-02
1.359820006881121146e-02
6.298764921099230842e-03
8.161900387968875487e-03
7.858944503622702221e-03
5.941000422759586119e-03
7.866149281993240622e-03
6.099785780795693654e-03
2.229723927644353121e-02
9.691629327236189750e-03
5.979153339131544100e-03
6.898665693931601423e-03
1.423519964349899067e-02
1.179446638261922448e-02
1.444294847740931927e-02
9.242685350582230397e-03
1.290407721906271579e-02
4.581806202763637377e-03
7.120132957395936338e-03
9.798836047334176513e-03
1.482515381476460364e-02
9.353944566104067590e-03
7.778832440714174637e-03
1.170942433855478963e-02
6.339803008524466481e-03
6.270539674202898692e-03
8.752694402437227739e-03
6.095345439370604412e-03
7.935057112111204569e-03
9.945234349662065640e-03
6.781144718086274704e-03
1.232427773470256421e-02
7.043453751316854083e-03
7.760212954686811215e-03
9.107909718810536237e-03
7.918748318053338633e-03
7.720538766760818780e-03
1.684915811786974124e-02
1.392398489696091909e-02
7.594118696962769144e-03
7.207849610874728086e-03
7.895863475504366277e-03
9.783290680322945590e-03
8.793809695220023565e-03
9.236740638360441125e-03
1.336541491659231154e-02
7.873755553062881593e-03
5.589653826732609437e-03
7.715848875825943864e-03
8.083592307371732788e-03
6.562255594408669332e-03
6.431159665271927485e-03
1.479177821346434538e-02
1.771823534858083665e-02
1.092051250172797715e-02
7.544455634124044331e-03
5.716798003383971420e-03
1.033282175188346245e-02
1.142885667188587966e-02
6.431039809497095597e-03
1.886320538565767341e-02
1.498136906091070836e-02
7.946241465019262401e-03
1.081842213721350560e-02
6.656307151318826588e-03
1.039090794733584129e-02
1.181533467616435219e-02
1.299324786591647338e-02
1.487219413323864238e-02
3.558676485137246548e-02
2.205101798802332896e-02
7.015641186138407183e-03
5.418297055565826983e-03
4.916000015365783529e-03
9.515148626552279859e-03
8.239022732811155866e-03
1.446129361304788682e-02
9.019461040586186640e-03
1.508128504801727401e-02
2.291939803232672865e-02
1.638180483247741320e-02
1.160598212780700189e-02
8.791734333988209318e-03
1.080894991658112175e-02
1.462998944881509569e-02
1.197408209873599035e-02
9.335837678704678871e-03
1.251960641299922419e-02
1.307983286987026914e-02
5.779910749269122523e-03
7.543435199759153040e-03
1.338123735805313991e-02
6.370889605962494831e-03
9.281616187889588782e-03
1.365716281537075055e-02
1.079256186120195263e-02
9.974918783150687682e-03
7.555258795375336366e-03
9.681149154388212288e-03
8.595008705014584374e-03
4.451977377962259771e-03
9.777148500082179922e-03
1.105802800511680381e-02
5.945191949156885744e-03
1.017115439739848040e-02
1.505367731868453504e-02
1.114887725459499240e-02
6.018125141294771059e-03
1.774575133128546492e-02
1.917227304248356537e-02
5.006219998669443269e-03
8.760667697816248989e-03
3.592919850917170033e-03
1.283518665007811824e-02
6.425915974145021518e-03
5.370197057431576153e-03
8.508235078303885354e-03
6.830340498397100349e-03
5.402836354299367892e-03
3.997086723240795766e-03
6.507686008487638049e-03
6.611733232850634454e-03
5.678701537097761640e-03
7.017507665061457379e-03
4.413306692660704487e-03
6.000153485158057215e-03
5.052242795497363485e-03
7.055729445755417120e-03
6.734819940488924114e-03
4.621142339450285547e-03
8.371786261920444519e-03
8.513405635846430994e-03
4.867668666468656646e-03
6.538534190738305718e-03
6.128007675428877310e-03
5.991750825111408565e-03
1.004192396975105150e-02
1.015403311323675485e-02
6.212293852647063006e-03
5.870886125495036745e-03
2.065865486846751864e-02
7.837108839356206683e-03
9.550318109374896641e-03
7.720103248118228949e-03
7.010955472359456375e-03
5.197372003735984194e-03
5.805346193179195154e-03
6.083999033462984644e-03
4.867359426920738266e-03
4.461736924858790247e-03
5.431841520998127205e-03
7.524921279400889965e-03
1.082183868694780622e-02
7.855228583546938759e-03
5.215157175939594270e-03
1.175599901680210446e-02
8.175240149729529407e-03
4.125981824567827999e-03
4.463293149684602508e-03
5.814618545801448872e-03
1.312230414940277617e-02
6.723272830017979450e-03
1.371018335308614965e-02
5.725924381530764738e-03
5.098776836974537596e-03
4.547563751349360459e-03
5.273942271622535441e-03
1.195462213068341183e-02
7.041139863153897394e-03
8.274051852625936149e-03
9.782257980956233709e-03
4.750321625858769381e-03
9.682118056143853430e-03
7.329840654721716739e-03
4.902418313289925653e-03
5.875809506862924962e-03
6.318203983757415473e-03
1.232888360636614708e-02
4.926395844954941164e-03
6.530312577511043250e-03
5.689783415525105983e-03
5.066534245470476552e-03
5.987199521092834154e-03
9.518111442372120812e-03
8.891822828536405030e-03
4.449751662195946568e-03
7.745313059789615297e-03
7.244816752945478812e-03
8.072788469156837524e-03
6.139974996914815755e-03
3.758859922318887742e-03
9.109325864691876842e-03
1.145117403314991830e-02
8.435794008384005227e-03
8.377510468846476738e-03
1.352299077025042630e-02
7.019726331461909573e-03
5.574658411000479874e-03
5.172842798669051445e-03
5.706767588536700020e-03
1.115465085405311675e-02
4.028265141264801563e-03
9.054026074726344644e-03
6.741459333256009587e-03
4.929858486242872859e-03
4.367486129878922138e-03
6.112190394278013000e-03
7.089445783101009160e-03
5.952141614330490327e-03
2.304175821976862590e-02
6.460295748518595643e-03
5.628687047979063704e-03
6.508036440438010745e-03
6.662849365554948493e-03
3.393435587358395629e-03
9.499792088188758338e-03
5.327736191357235196e-03
5.712826519281900307e-03
5.441729274641701058e-03
4.256321996052019052e-03
5.684852494559621341e-03
6.478337960958443706e-03
1.205388752743799877e-02
1.047260805066773000e-02
7.671901388244804429e-03
4.330450441835127090e-03
3.440500699587253127e-03
4.998331005941278674e-03
6.632242579157775555e-03
4.938003737800803795e-03
4.508146532406750832e-03
4.606617870641493279e-03
4.653757842298162327e-03
5.288582960109295891e-03
4.301973373976360031e-03
2.626291079462782924e-03
4.231848701469453564e-03
4.082301893545442484e-03
2.597412383411879834e-03
4.233306589272973347e-03
5.158862697316407044e-03
4.537432694109227657e-03
6.755231250290606379e-03
5.669769992835510704e-03
3.481331458685213345e-03
3.745283765066626663e-03
3.506417912562957880e-03
1.015225541891250603e-02
8.251583707247392430e-03
3.620230938344969757e-03
6.998779282921075567e-03
6.848921707252177832e-03
5.609311653040902242e-03
6.000743535484865006e-03
6.434514378482652022e-03
5.701692494760658182e-03
6.087836470347385287e-03
3.190628582474324890e-03
4.525594502196146618e-03
3.770165770716900257e-03
4.193065135007043032e-03
5.303939002280014421e-03
4.844846858329504569e-03
4.810362132939607557e-03
6.160579753448437550e-03
4.251891729371420729e-03
4.111179049471796847e-03
7.438756353591346668e-03
7.025921050455056008e-03
3.863236557167379001e-03
4.314861478875567369e-03
3.271951546198774083e-03
3.701932967360773742e-03
4.677174055675759230e-03
2.827125843759050253e-03
5.170079102151812350e-03
4.594370870017180225e-03
3.985692255277867302e-03
4.883850727232462961e-03
7.141564659284619504e-03
6.556286874759498923e-03
6.236684117837374558e-03
6.583294794608864769e-03
5.475905548764005253e-03
4.769369256879553085e-03
3.072013179617919670e-03
5.454825889204270931e-03
6.588292458778594908e-03
3.616214433788252254e-03
4.950444056523670318e-03
2.659535895488202017e-03
5.388267089628100484e-03
4.046575220480119577e-03
3.329329272167049544e-03
5.361637336743278054e-03
4.202269602973884161e-03
4.823566005311591062e-03
3.443391285327958382e-03
3.168275635072489299e-03
3.938159728310806733e-03
3.733709948449879384e-03
3.058558859220167521e-03
3.694867849809432142e-03
2.786927067351801894e-03
6.842203754367182263e-03
2.679809431552190695e-03
8.184799188986445831e-03
5.961918082079182071e-03
4.273746048207233486e-03
5.534115595400738302e-03
6.075550682107581230e-03
3.310715232701950689e-03
4.332074457511994429e-03
9.843091621845219408e-03
9.335065242099956431e-03
6.740485883135635854e-03
4.649042932082384297e-03
4.991235585899402895e-03
5.432341547422458311e-03
2.677585890489322593e-03
3.957724569831080896e-03
4.384433426559931554e-03
2.854936926859718942e-03
7.202632806123058541e-03
1.108378942445379170e-02
6.776554283446875951e-03
1.802485773046275455e-02
3.948222757154737708e-03
6.040612939898706499e-03
1.523376890701853836e-02
3.436895889223926404e-03
8.242759220038647569e-03
6.971115661808221023e-03
5.427948840391071117e-03
2.570911961226772600e-03
3.900114709070889342e-03
7.035439195026836796e-03
5.062654712862622863e-03
6.690997769875788731e-03
7.656925884199911395e-03
6.423673144964150462e-03
3.407586691546662591e-03
9.901474984362560600e-03
7.332115311775710444e-03
6.046531848764320066e-03
2.469662734003279670e-03
3.557708753732058676e-03
4.555638962880927643e-03
3.831178524937583606e-03
4.099249270115292235e-03
2.766461273806991843e-03
4.067220239889850902e-03
4.367380847605887087e-03
4.301172352513147820e-03
2.872789803738738483e-03
4.309269243997395325e-03
4.427186353220539244e-03
3.476000488852017817e-03
4.491092916348724678e-03
8.065233358051036514e-03
2.998398411163045660e-03
2.281740307598992702e-03
6.568079675645089460e-03
5.049387099863811464e-03
2.624233001634914547e-03
3.229686819772173596e-03
3.823071255335978424e-03
5.158916907888371622e-03
2.285596266749629745e-03
3.003828284952169119e-03
4.163104490544691609e-03
3.485836670206738166e-03
3.260835365001835302e-03
4.841532160593125557e-03
3.287677799674997795e-03
3.614564727624585815e-03
3.170414789821729591e-03
2.821066792006677801e-03
3.579424512497359108e-03
4.608622761498301634e-03
4.940831196802152395e-03
3.078118727687174754e-03
3.342760430283679522e-03
2.864695375377548058e-03
3.885624097501244340e-03
5.230755511491097867e-03
2.662928268937864336e-03
1.745801930892825014e-03
2.984759719041533803e-03
3.645881230915040683e-03
4.135194135924558090e-03
3.534756760655367262e-03
4.817550596837764411e-03
4.123826963815187957e-03
2.298422744619243487e-03
3.982550887763882871e-03
2.478419540495786083e-03
2.675039042137174975e-03
4.802210363555877576e-03
3.954396053640269089e-03
2.192400143701177424e-03
3.926842235367607181e-03
4.041868097522593843e-03
5.892740531582122548e-03
3.628428544264657163e-03
4.605437573803078388e-03
1.064386000902122278e-02
2.778672039199092149e-03
5.948726973737631860e-03
3.100446366742403998e-03
3.980439661668782811e-03
3.831656189549432698e-03
3.326614213966015785e-03
3.131874172988325690e-03
3.401001356192760901e-03
4.918821290436675014e-03
6.861446665062720385e-03
4.819866143807206502e-03
4.027495697170284904e-03
6.692780607103604104e-03
3.940801367808317510e-03
3.200425336892072196e-03
4.434415566014457237e-03
3.724666160448837984e-03
3.213238948997755584e-03
4.915301084172267639e-03
3.127938781492249631e-03
2.662347190402234581e-03
4.103454003882815379e-03
3.260120675353005756e-03
1.963547734639237846e-03
6.445349808015848198e-03
5.758315780074903072e-03
1.410931383274236298e-02
4.148028178982159607e-03
5.488701249745526686e-03
4.099990445467586835e-03
2.878246696425671141e-03
3.047651715043685032e-03
3.837569144401383088e-03
3.266722274113151130e-03
4.470931979574954175e-03
4.553464910808952687e-03
3.299752710556601819e-03
3.858439746395145309e-03
3.571391860575208466e-03
3.260213364279302990e-03
3.856888397285875361e-03
2.230417752631468596e-03
5.152811372783167379e-03
3.824097594982722205e-03
8.046082131038440055e-03
7.647468945120361461e-03
5.737390183113502858e-03
3.297080901834508956e-03
5.594008500965559974e-03
7.552152442198218490e-03
4.723722892190330806e-03
3.919736867290697646e-03
3.833702064012645041e-03
5.963283239009431816e-03
3.588640411484246995e-03
3.283154693446827671e-03
1.960314852159033335e-03
5.295900722534835001e-03
5.006007988444298451e-03
3.720842436104611003e-03
3.088035434493231583e-03
2.399061510920220269e-03
2.411264711368424872e-03
2.586926510149646294e-03
3.234345516411718524e-03
1.723033856689847217e-03
2.017565464758212627e-03
3.031286870653146157e-03
2.065155813817643859e-03
3.671369427209966903e-03
5.059075532867041841e-03
4.489144137649132144e-03
2.441744786934520184e-03
4.711140335329370987e-03
2.441394580416428838e-03
2.907763399070846522e-03
3.529160420957589903e-03
2.614256010139059429e-03
3.227928540180529781e-03
2.929688363393257930e-03
3.276360046526635272e-03
2.621079860396063974e-03
4.635649070865602815e-03
2.654096332306365037e-03
2.915802297936568102e-03
2.791428545900092369e-03
3.462658585914521730e-03
4.847063854302630787e-03
2.752653409033323142e-03
4.280099234956527207e-03
2.307594028247013287e-03
3.779646083032668202e-03
2.673529996403121913e-03
2.832803847434228316e-03
3.209642617403763495e-03
3.926551299304468709e-03
3.378370562204799539e-03
3.503726100447654510e-03
2.315511198939394603e-03
5.712968522443424152e-03
3.063311851739372593e-03
2.623246511222584315e-03
2.167104857023185917e-03
2.199661685408736602e-03
3.231771995700325611e-03
2.298615090470852110e-03
2.155388829111146761e-03
2.616132856709637439e-03
2.755252202266185706e-03
2.106679791990651203e-03
3.120437866248363182e-03
3.550583307626035273e-03
3.463335085652944918e-03
2.830176440201987494e-03
3.325014999500794897e-03
2.520223430735039905e-03
3.384008870905761551e-03
3.807606692608905830e-03
2.105528510068939516e-03
2.047579277313505385e-03
2.883284297937886015e-03
3.401489806321441201e-03
3.875915310980710109e-03
4.735809866190341354e-03
3.391434172631563587e-03
2.058544987634199942e-03
2.553756310136647174e-03
7.750410274591635132e-03
4.482316820070379737e-03
5.274101688968617190e-03
5.421051813449814100e-03
2.967490084577449790e-03
4.261578074429681409e-03
2.662534430724228240e-03
2.620751546072145992e-03
3.210345250978100147e-03
2.281684875223598426e-03
3.019035322468709929e-03
2.037366691966793417e-03
4.169233684744737961e-03
4.814772863866567838e-03
2.681406070614383158e-03
2.759849399289449143e-03
3.816271160410724186e-03
2.727336203568631913e-03
3.229484508695544803e-03
3.605694163149471797e-03
2.582847803806694476e-03
2.108352220438489480e-03
3.221421633056332536e-03
2.100457638695255556e-03
3.552154918749475445e-03
3.564565187674067267e-03
5.097820772990695193e-03
5.308482903865059839e-03
2.346812705401016448e-03
2.168816193559837922e-03
3.593624509756533116e-03
3.187948686525434068e-03
4.418399070369644077e-03
3.138464746269528476e-03
3.312099431693331895e-03
2.581926251541828178e-03
1.772773984279117036e-03
3.116522244698205317e-03
1.868483448469653117e-03
3.120394727679079178e-03
2.806148797490172920e-03
2.665929635073002908e-03
3.232772798778710786e-03
2.542216233511233273e-03
1.433439673349832817e-03
5.662089823329528177e-03
3.914106273287290029e-03
3.075347344761713078e-03
2.751342350700677203e-03
2.010159927170956842e-03
1.791297949339327924e-03
1.796533870349229216e-03
2.997535429715452848e-03
2.638770093915687211e-03
2.027133533110485851e-03
3.546964925620581591e-03
2.721374143127639009e-03
2.818375774882216252e-03
3.167877051891348789e-03
2.544309934146692532e-03
2.612871396112440708e-03
2.121387739330991146e-03
3.286012920887681696e-03
2.266485676790687236e-03
2.514343233345481873e-03
2.249364548448798320e-03
2.934511542966640289e-03
2.268149644989996428e-03
2.148415024509419541e-03
1.603268499818240756e-03
3.692193117816534170e-03
3.610530399770338177e-03
1.779619703089551719e-03
1.755946420373085933e-03
3.610940017288642723e-03
2.706430156584489852e-03
5.614664646234646637e-03
2.942351434273644990e-03
2.889467709756690650e-03
2.222122110065693958e-03
2.900022919835485921e-03
2.126735996865720870e-03
5.177967906236442125e-03
3.666248008777078446e-03
2.552298515783019747e-03
2.857713218389670504e-03
2.394261302943086374e-03
1.263643618294397076e-03
2.839605341913630475e-03
2.673256240464224644e-03
2.070634386008614412e-03
1.881896047260987097e-03
1.770584926998720150e-03
2.379844643964657523e-03
2.098118429277068264e-03
1.091155133292737427e-03
2.467242122433788501e-03
1.812000091668811239e-03
2.953690712874391597e-03
3.631113146982506944e-03
2.936208058483175381e-03
1.822755272557846423e-03
2.705137840272005875e-03
3.001634646179615444e-03
2.254372929701567614e-03
1.901439544105015811e-03
2.742291469241118617e-03
2.411471295217888430e-03
1.346938587746583822e-03
2.616146692971294679e-03
2.883919004035577840e-03
1.971873237519035545e-03
3.376389502698326148e-03
2.276612498845516450e-03
2.043328356344104035e-03
2.280758634464543754e-03
1.676674293541742088e-03
1.616191224126263884e-03
2.628555585801108443e-03
1.967117557217783197e-03
2.461449156555810952e-03
2.697148660250122711e-03
2.685882554087081452e-03
4.575553820332653801e-03
2.783910599530705146e-03
3.983489664922818842e-03
1.880276768720506256e-03
2.051243347514040017e-03
2.893420516241577110e-03
3.592745408748892425e-03
4.199411053938039914e-03
3.380475012114619177e-03
1.694700057159502331e-03
1.980465325511989588e-03
3.019652558628444124e-03
2.981684225662043376e-03
3.988272594926463299e-03
1.455478903395403690e-03
2.330286601201075457e-03
1.428653645063004528e-03
2.839633006436602814e-03
2.582048520253726366e-03
3.561556439452196864e-03
2.767528058247454171e-03
2.117990583645482788e-03
2.508514073306044277e-03
2.640401611294776636e-03
3.999685030105917111e-03
3.911613274984435812e-03
3.240155488167639763e-03
1.888344683875407826e-03
2.260648729541039643e-03
1.808099881294295648e-03
2.748694882839075593e-03
2.128273262271429371e-03
1.460266390742984838e-03
1.947907567060240368e-03
3.170473900901500143e-03
3.028899893421328933e-03
2.657861369797999158e-03
3.168354559768954241e-03
2.279176955834338707e-03
2.904059451981094546e-03
9.437613578712652747e-04
3.237445891628463156e-03
2.221464988752188882e-03
1.693885750395461489e-03
2.303843569193993017e-03
1.445854061890638770e-03
1.987048091681851720e-03
2.170332561913551790e-03
2.629888304301344036e-03
1.819610275361197103e-03
1.965421456571961843e-03
1.326441319274078781e-03
1.889774712754984038e-03
1.713005864157620545e-03
1.801656444634790145e-03
1.678798621232942701e-03
1.837797228187260708e-03
2.491076903060331863e-03
2.256265653607260682e-03
1.739551627906562887e-03
2.209028095490578152e-03
1.937183459749734684e-03
1.307428203468117157e-03
1.731552710250574634e-03
1.750262309626218152e-03
1.918595359477581969e-03
2.133647363772421708e-03
1.990088649443194635e-03
1.755668890003434825e-03
1.802134560131886127e-03
1.696914708165739262e-03
2.479618048404182411e-03
2.461965579562957508e-03
2.392600652055731393e-03
2.210967567986205692e-03
2.412687730833102534e-03
1.823391853216763895e-03
1.720813612025448190e-03
2.119532423533717139e-03
2.777661561688399630e-03
1.904324577609030475e-03
2.815721638103823449e-03
1.816412988421569957e-03
1.351379987041163421e-03
2.078126057238973562e-03
1.861552159584320193e-03
1.650428894336588301e-03
2.877248906443466946e-03
1.437199292330195756e-03
3.326388465865917892e-03
2.078860692225473206e-03
1.760844648492118853e-03
1.518863128563594086e-03
1.228885906879609042e-03
3.397437056409769764e-03
2.456707095916188001e-03
3.879741275503830605e-03
2.281361189525123439e-03
1.594289531995522324e-03
1.397874767979101441e-03
1.788457395072282421e-03
2.089306023121193304e-03
2.927468892140767422e-03
1.801114874471597491e-03
1.758970545248595731e-03
2.439551145761991759e-03
3.011929479240288074e-03
2.347298308373289410e-03
2.204360590273170446e-03
4.097549653650455620e-03
2.227692924905641525e-03
1.180732705961393819e-03
3.003150309123367966e-03
1.203077894196543729e-03
1.948231284706121013e-03
2.433860056909093687e-03
1.916163423580171180e-03
3.226213018915311936e-03
2.413417913733575948e-03
1.688948464417218019e-03
2.062855363420964053e-03
1.776250529925801642e-03
3.023916766127638951e-03
1.644167670651575271e-03
1.876234235657749019e-03
2.407369134695123460e-03
3.102482199458976402e-03
2.381692047690300417e-03
1.359599724553922032e-03
1.676601781779246594e-03
3.060218787777358070e-03
2.106851408132075307e-03
1.997327472951281567e-03
1.564523094895993579e-03
1.951382130919187153e-03
1.462002772649859247e-03
2.441558628623451827e-03
1.548499033957018677e-03
2.398981481615063919e-03
2.117511975460440593e-03
2.285496487206425086e-03
2.241051443391568233e-03
2.331846048531387074e-03
1.302692639603788595e-03
2.200259470923771749e-03
2.064644626821388659e-03
1.053168985418419766e-03
1.929894377933229340e-03
3.398756070784514274e-03
3.043334477458801632e-03
1.572588074518983629e-03
2.541639335084064713e-03
2.329883690489948245e-03
3.235093179862411072e-03
2.455819738209068237e-03
1.978086326964605124e-03
2.464314262766452261e-03
2.233724926058336217e-03
2.008641374354514647e-03
2.142712182623744861e-03
1.842173811516336236e-03
1.096606093405858105e-03
1.549481542059538437e-03
1.675432882678390151e-03
1.429283819029003415e-03
1.278763039899972250e-03
2.384401280617761635e-03
1.511012350647603780e-03
1.624729638133148423e-03
2.460091159930263664e-03
1.382725317403343205e-03
1.547344429358932932e-03
1.439899882191531108e-03
1.886381935525938310e-03
1.398341562152110879e-03
3.447572415744112190e-03
1.515358669851033652e-03
2.173333458800573870e-03
1.884600224793478050e-03
2.151075448453216091e-03
1.614308734102467028e-03
2.015117423346987971e-03
1.690829737495322654e-03
1.845289893849369044e-03
1.776913810377283047e-03
1.598086939273421058e-03
2.422209151385964782e-03
2.099419303881635505e-03
2.215822110787858158e-03
1.638224010753328757e-03
1.870822966367728961e-03
1.835251749700880569e-03
1.398433490496115220e-03
1.586366729500574176e-03
1.341095272727087923e-03
2.236971210754929926e-03
1.833688205134265245e-03
1.991323177790672947e-03
1.946865670619806529e-03
1.576762105563008420e-03
1.438938775391157381e-03
2.510955972148026186e-03
1.322712866086427595e-03
1.296280370723475921e-03
2.285086754137202747e-03
1.119260728349332629e-03
2.799485684661865825e-03
1.828984009765552811e-03
2.120157898887422947e-03
2.115317534261672901e-03
1.525082285430001553e-03
2.006113698826071136e-03
1.852040516886236179e-03
1.904972418986225057e-03
1.680882928954027279e-03
1.792614918980761814e-03
2.352807952673595122e-03
1.838333614181968459e-03
2.257763737582365714e-03
2.330877330483800344e-03
1.663066920743459277e-03
1.564284098627102566e-03
2.296391945130487819e-03
1.784231419653047827e-03
1.873431310319471129e-03
1.252536354857945386e-03
1.214448142001472997e-03
1.801670156859252591e-03
1.879240879992897465e-03
2.126008937297304419e-03
2.530446791213489689e-03
2.421192124842875149e-03
1.818580290766300556e-03
2.823094129974727546e-03
1.626787516033191203e-03
2.341291882858993929e-03
1.725681645515206352e-03
1.944760211635898715e-03
1.800510206124491131e-03
2.127163231781714105e-03
1.216273079697388583e-03
1.485276416598422210e-03
1.710700881277806484e-03
2.447752977196932835e-03
1.583233974824052506e-03
1.704999376108733578e-03
1.573936942770822953e-03
1.971922841779682068e-03
1.938359366615153559e-03
1.926989116203729410e-03
2.755373354067117836e-03
2.341874402826404477e-03
1.467679791576094548e-03
1.925987623598092099e-03
1.548276907215577307e-03
1.476782460150114461e-03
1.434304420581406468e-03
2.010242001201965369e-03
2.139691510306650224e-03
2.196494998880187122e-03
2.521890766757644078e-03
1.552465339311189657e-03
1.096574675294735611e-03
1.952781671437054615e-03
1.415542633827944225e-03
2.729939592171871238e-03
1.331475008629964298e-03
1.648234557711589741e-03
2.369251510620494841e-03
1.967650037571275559e-03
1.899234122689996479e-03
3.191015109079580608e-03
1.636370391733112583e-03
1.370967670331538386e-03
1.811058382478164096e-03
1.971814349930722972e-03
8.121914551513559257e-04
1.627750693142586153e-03
1.115611661530672982e-03
2.532632647065101526e-03
1.575843517660767499e-03
1.116746784281286457e-03
1.211980341692590326e-03
1.807156237310082042e-03
1.553786128522125810e-03
1.825822950359154819e-03
1.692418421970542713e-03
1.977437920764974107e-03
1.406755401385213896e-03
1.597367837863972141e-03
1.196428087162513566e-03
1.671818979878462053e-03
1.631834465574742796e-03
1.313915443707463267e-03
1.762481393785694577e-03
1.904836691860739301e-03
1.503077856421317993e-03
1.358277071121754501e-03
1.690645989305388647e-03
2.206582989947668445e-03
1.261399337366846552e-03
1.040094793101928837e-03
1.669881184378526999e-03
1.798246723367701982e-03
1.596928070008170981e-03
1.373014898320052118e-03
1.366598331674966690e-03
9.684059028441311442e-04
1.581301397384546510e-03
1.948746756515110437e-03
1.124008576535943027e-03
1.727275787899789803e-03
1.588813818091072434e-03
1.628093939420175058e-03
1.293490817030313201e-03
1.847929545641642220e-03
1.308164016896766653e-03
1.512092896298586819e-03
1.387104676991491193e-03
1.334809190373351800e-03
1.729370397808865315e-03
1.342083865558749232e-03
1.263155756303615618e-03
1.436030189546824449e-03
2.362993617648851633e-03
1.520412801046093021e-03
2.416575909469124810e-03
1.774485962514062284e-03
1.595963317535714025e-03
2.703456897949954325e-03
1.896045704562083004e-03
1.629801042554879275e-03
1.365983912281628363e-03
1.634024594949724015e-03
1.122923580756544047e-03
1.564838634224035522e-03
1.223102208912854030e-03
1.440191875317558840e-03
1.494133939113226122e-03
1.817332506377234693e-03
1.791927687124222120e-03
1.672059352459068053e-03
1.383370173706113381e-03
1.776617567420547047e-03
1.562577546329692313e-03
1.607345953808508345e-03
1.487124917125592959e-03
1.295037552570188141e-03
1.655869137464551161e-03
1.749503232092576837e-03
1.882728061853941853e-03
1.324229995112768130e-03
1.527433713271588844e-03
1.222514666315334788e-03
1.390286775598817285e-03
1.834074306301332162e-03
1.790682163773496972e-03
1.729838183245604923e-03
1.781439087511555190e-03
2.538533812092434467e-03
1.438812746133524790e-03
1.168087031656587886e-03
1.561342495689604232e-03
1.512427814187870985e-03
2.281386802655869118e-03
1.655536716283848193e-03
1.632371030719744756e-03
1.339553604247544199e-03
1.356694116192508825e-03
1.716559932454651783e-03
1.268488395331790431e-03
2.001775470277125310e-03
1.141334966225723705e-03
1.175472462235232617e-03
1.693621339147792504e-03
1.406130405493882839e-03
1.778204887460485117e-03
2.185802162189999856e-03
1.954257376734412806e-03
1.990397021212033518e-03
1.533096101452776586e-03
1.718072714294432372e-03
1.648949320363118660e-03
1.911570257173088837e-03
1.518983930291660555e-03
1.010102498475094670e-03
1.854629920742972534e-03
1.257989295511752811e-03
1.491884692893512927e-03
2.379637583835410124e-03
1.716139509017047902e-03
1.640822008047544515e-03
1.327882455334738511e-03
1.613732614452475329e-03
7.056466619058928205e-04
1.537060004905422671e-03
1.579699533151739718e-03
8.117216234238255326e-04
1.311090996588055568e-03
1.635027549963093780e-03
1.569051344632036143e-03
1.004177388389731161e-03
1.704210274859497415e-03
1.232314912335925319e-03
1.349414335198708369e-03
9.591125561576503439e-04
1.781289840656037106e-03
1.644021822972309508e-03
1.558305737842519568e-03
1.468337978740655693e-03
1.182205161828249994e-03
1.757316338070423738e-03
1.107452477591511133e-03
1.276932955056086453e-03
1.448282766099573925e-03
1.014015188685132678e-03
1.594933765150788416e-03
8.532083157043591874e-04
1.742590624487810880e-03
1.449163641256274483e-03
1.059449911526237804e-03
6.084162242978815617e-04
7.201417039736195125e-04
1.320796201045139253e-03
1.280784520247677059e-03
1.289631210971411415e-03
1.827860415440663803e-03
1.666078805244850056e-03
1.341133453138406133e-03
1.060491249169771832e-03
1.873501849475505418e-03
1.286652128650202145e-03
1.588869359104313692e-03
1.350058683600998408e-03
1.430345216914271451e-03
1.256801419570311752e-03
1.891446097119340317e-03
1.120411637625653208e-03
1.445271759431603683e-03
9.164285135336057778e-04
1.585282741128954788e-03
1.339622064185681891e-03
8.773456392773282004e-04
1.086825801046457712e-03
1.409961980500313693e-03
1.736907089707469525e-03
1.747870289512040319e-03
1.428207047889455987e-03
1.917309823566813558e-03
1.962229323264709068e-03
1.378519094802895927e-03
1.439276348554752736e-03
9.458742777391283309e-04
1.279612905004751978e-03
1.924883346047025299e-03
1.531298295038250289e-03
1.101762852396846303e-03
1.288502063869500147e-03
1.161914791317373175e-03
1.416392467191682734e-03
1.394061974112234927e-03
1.350432305475971276e-03
1.904115712337710580e-03
1.680483499392311768e-03
1.658103500416157694e-03
1.187132980391330216e-03
1.965749750564133990e-03
2.819674046964054485e-03
1.336912957902772290e-03
1.087410678030610849e-03
1.001035491775363433e-03
1.652418459207490725e-03
2.046828173593340759e-03
1.861500565498613955e-03
1.560789547281359480e-03
1.270591639877683993e-03
1.521697537467878820e-03
1.101142122774257824e-03
1.436734022111291155e-03
2.083536787434593640e-03
1.794898446285251008e-03
1.493921766442273414e-03
1.762376086356847414e-03
1.057781226207777812e-03
1.289615692224515588e-03
9.125023209635094992e-04
1.479807115518124664e-03
1.635491637750637224e-03
1.160509134249961081e-03
9.664247534776038932e-04
1.381256152629548300e-03
1.380755669692377511e-03
1.136271742237864382e-03
1.193431121625289923e-03
1.384187125335948915e-03
1.588402861409457696e-03
1.197381616643134090e-03
1.265365685149236023e-03
1.435913661449281665e-03
1.363504239247072432e-03
1.312409592540190149e-03
1.402694515855051503e-03
1.264211337189265552e-03
2.409082985574725888e-03
1.596591587166613577e-03
1.914196282929034971e-03
1.334292384784108382e-03
1.966124145291109956e-03
1.349161591212242771e-03
1.236864761277783496e-03
1.535671942244628847e-03
1.525575157615508253e-03
1.294702115852089429e-03
8.926973573706797286e-04
1.376588634219448213e-03
1.047683352037297741e-03
1.331517195056208108e-03
1.384036473126875298e-03
1.123584768037756611e-03
1.037715850341799613e-03
1.520987230269002120e-03
1.124843689235589545e-03
1.329710067924506954e-03
8.666909374155421474e-04
1.143862503439165186e-03
1.123074560978376546e-03
1.365824162108258749e-03
1.539344995889917406e-03
7.926694326167705012e-04
1.408352155875734063e-03
1.137219319495437562e-03
1.135495724112806862e-03
1.247446543928526063e-03
9.456827542260086775e-04
1.369266605692933802e-03
1.362735865703652328e-03
1.422953291689285377e-03
1.222098558968092970e-03
1.719175141158604207e-03
1.249494128466973903e-03
1.321840486908180349e-03
1.113313028936689739e-03
7.786145279212524587e-04
1.228504878222519284e-03
1.129146853253427257e-03
9.595650595139158280e-04
1.365699156883054891e-03
1.232269371096586866e-03
1.058766598572378342e-03
8.621826377315026631e-04
1.659016453115018299e-03
1.212261594816565428e-03
1.793599776035706070e-03
1.350392846777937221e-03
1.423073412095742906e-03
1.303091364351287567e-03
1.509543296192961560e-03
1.321583164179631134e-03
8.843006943104625038e-04
1.664489082574664670e-03
9.606790487437687686e-04
1.337138293089552062e-03
1.675277600309829380e-03
1.444554573111407744e-03
9.641094752764845042e-04
2.112222128849066804e-03
1.053605579879807793e-03
1.508514203034792183e-03
1.137054440130801569e-03
1.123794101540317829e-03
1.527725264142219775e-03
1.271020206171412283e-03
1.863750307125313851e-03
1.840521840081872250e-03
1.051993097085239569e-03
1.104994112322529084e-03
1.042997249041772382e-03
1.716068424091743341e-03
1.015028089813515850e-03
1.300885791473813894e-03
1.551467631415585566e-03
1.149722979391060163e-03
1.034192735264975391e-03
1.043830862326144450e-03
1.113580986901274760e-03
1.033303134289801023e-03
1.474578770087874371e-03
1.471373701025862572e-03
8.900033514380193073e-04
1.766935084804884329e-03
1.376071427659631211e-03
1.981313058585707637e-03
9.267210310354237219e-04
1.198033082739976152e-03
1.325323114591107649e-03
1.499419838614528180e-03
1.138997055636182393e-03
1.041676790766927910e-03
1.577918518229267427e-03
1.487339690904077938e-03
1.135154824794202969e-03
1.230792562578367005e-03
1.796450426599423538e-03
1.202987830963835264e-03
1.984033386119223464e-03
1.461005287355253120e-03
1.105706080355999769e-03
1.230183708994284867e-03
1.075603551399415773e-03
1.871041655982956693e-03
7.718762028446448428e-04
9.736376159076999114e-04
1.778127567188261642e-03
1.291954110125107490e-03
1.345126031166890774e-03
1.120836726850666732e-03
1.546264796926224549e-03
1.653783883202335301e-03
1.087074854999451386e-03
1.341038689621152843e-03
1.099976892527632436e-03
1.510924883420107327e-03
1.642787645707236531e-03
1.708731304171844404e-03
1.298078845662036743e-03
1.798448239793459845e-03
1.176717248448889367e-03
1.323781058315994397e-03
1.209062635225839925e-03
1.779320828275939188e-03
1.297193769866547119e-03
1.064871182443794233e-03
1.208331775618774273e-03
1.273723026398990675e-03
9.517568309245174512e-04
1.165819909575355152e-03
1.384804702058573716e-03
1.034185262482087246e-03
7.003116422498268994e-04
1.206291479434721701e-03
8.430237766515816245e-04
1.330827108450130525e-03
1.720979200813894244e-03
1.642653139810916312e-03
1.453999656599869834e-03
1.072864374874727160e-03
9.788695225536169636e-04
8.309428907544475114e-04
1.354581472954947442e-03
1.087319861364471289e-03
8.496903305882800087e-04
1.295218588958217806e-03
1.653823213629755391e-03
8.805741615007213951e-04
7.586637255616890960e-04
9.902728104277966435e-04
9.488465928597384497e-04
1.536077771600162512e-03
1.144421444813471063e-03
9.991915415056514850e-04
1.264019350522305315e-03
1.076697668868630345e-03
1.130359267575720313e-03
9.259739996841535653e-04
1.014968533279296797e-03
6.599891425978186843e-04
9.396187514037945745e-04
2.088774047246256226e-03
1.126002829679408805e-03
9.849288071018726803e-04
5.825223200243666299e-04
1.065030514825689471e-03
1.347800604946500572e-03
1.084308329782423565e-03
1.100002891112253746e-03
1.501193135786535069e-03
1.031544558841522661e-03
1.081248672468180030e-03
1.213465043919804802e-03
1.040324963727021603e-03
9.393446984858819238e-04
8.183456557129607616e-04
1.067951806015799386e-03
1.120988740272338500e-03
1.198386731073466374e-03
1.147291907422270073e-03
1.484706673683242354e-03
9.142855532122271455e-04
1.354263708868939107e-03
1.347141755921404949e-03
1.115336182348162153e-03
1.077413637743644074e-03
7.164621870996354391e-04
1.511759092521246847e-03
1.528042140022950121e-03
1.179059033355948525e-03
1.217000812522139614e-03
1.210274557268715447e-03
1.427241953669475521e-03
1.334990319988676273e-03
1.246907799792619726e-03
1.188443244796543678e-03
1.065957343462034827e-03
1.327622105491643723e-03
1.340814268624047770e-03
2.018032217483914023e-03
1.423630635682785438e-03
1.243994160287333539e-03
8.563958321242703432e-04
1.172621431671585189e-03
1.296618814452980785e-03
9.125795888278636974e-04
1.384236241271915701e-03
1.394777069490179492e-03
1.152269802680334562e-03
1.007086038248995903e-03
9.651806535720663114e-04
8.535418294067266543e-04
8.093084579593751854e-04
7.717015314684457124e-04
1.868029822736011264e-03
1.098397809372491643e-03
9.541729058290088997e-04
9.878185949977332739e-04
1.515908247536917018e-03
1.063656322215182333e-03
1.220193170738864295e-03
1.392702909948257805e-03
1.335135696963466638e-03
1.329097433533476700e-03
8.710982304009097770e-04
1.247271420506661493e-03
1.697658579284927211e-03
1.091621543519711961e-03
1.068946552275264021e-03
1.453355178655062023e-03
1.325677111061473751e-03
1.322449664472749239e-03
1.507560461577014260e-03
1.537531861723205997e-03
1.698071167009872293e-03
1.397585897417766201e-03
1.937678478026104564e-03
1.185485727748999745e-03
1.218884943772846705e-03
9.557784302488119563e-04
9.901141292290981805e-04
9.545382349794745728e-04
9.063406593895083265e-04
