3.025202393675917811e+00
1.771265205540728971e+00
1.032957532242752663e+00
8.604592599758202898e-01
6.097168287158933886e-01
7.049628743832025979e-01
6.151319779506320140e-01
5.022907816468737963e-01
4.382592740207889026e-01
4.810907465764628355e-01
3.957431869844064143e-01
5.162040510641654478e-01
3.826149009424725245e-01
3.433874100086936609e-01
4.299234769104790521e-01
3.412235910955896401e-01
4.423152191796423383e-01
3.699611291046677186e-01
3.633180103673201433e-01
3.255810199403403882e-01
3.173998627438419096e-01
3.342486636624092400e-01
3.342470453956154497e-01
3.371820684550186353e-01
3.225852460056190529e-01
3.146651783143900594e-01
2.630530184725529685e-01
2.818893632921866121e-01
2.910709975605377253e-01
2.655518583089653828e-01
3.338949568371945009e-01
2.773810151873624674e-01
3.057582459597604219e-01
2.363864843779542868e-01
3.203525676722198678e-01
2.215415850299125577e-01
2.960772708376708806e-01
2.769554330409295662e-01
2.830729588038437550e-01
2.911441457210387496e-01
3.096145550149490000e-01
2.629545812870127675e-01
2.388813100440461135e-01
2.218175209801201142e-01
1.969414676015237009e-01
3.365707053867922349e-01
2.540571887642316118e-01
3.169882116293099572e-01
2.643026769843924706e-01
2.678847778265202040e-01
2.108852368000538047e-01
2.022312843169045138e-01
1.919161786215816679e-01
3.253938826510412996e-01
3.117569597886719057e-01
2.842025429147564397e-01
2.300496193581915705e-01
2.337105167188965604e-01
2.283448476777002745e-01
2.504395217716404165e-01
1.890158471612154445e-01
1.998537890323535127e-01
2.269267506588752981e-01
2.452395498708545563e-01
2.373722359806187399e-01
2.239496514410204697e-01
2.144663932108165083e-01
1.782127008824100078e-01
1.822856964423515969e-01
1.763934468272494172e-01
1.981963419393628079e-01
2.109733168415490467e-01
1.449621888650641788e-01
2.654820616357037588e-01
1.766281966613420240e-01
1.967838379400393967e-01
2.749837542138756086e-01
2.403584194466074908e-01
2.009474609758886143e-01
1.450318340760836378e-01
1.739823405981349436e-01
1.806074851523566394e-01
1.746444075410999441e-01
2.118598089703185305e-01
1.771672864765422295e-01
1.655180166057642344e-01
2.071793168416050934e-01
1.963192596487251529e-01
1.661762497048807907e-01
1.804244527914111995e-01
2.041220836297522601e-01
1.846783222939917257e-01
1.918724792474246210e-01
1.889552232776446350e-01
2.021214760390239451e-01
1.396968373354803283e-01
1.611524842262061497e-01
2.010502520764566592e-01
1.594229484315063949e-01
1.607093371622198563e-01
1.770385391588721880e-01
1.452028065384448063e-01
1.711359573805980028e-01
1.595350515032317174e-01
1.311307146799220724e-01
1.404726257405949363e-01
1.889273700686027180e-01
1.523707545101576633e-01
1.900464160339583319e-01
1.738367572861659049e-01
1.629953076883564611e-01
1.767249485557057798e-01
1.880816179020315393e-01
1.848468994255302589e-01
1.299001414269377874e-01
1.670332541258262027e-01
1.421926005483021838e-01
1.086199058074943657e-01
1.779290360994102704e-01
1.406404762501351213e-01
1.144022850803565056e-01
1.449125169979423589e-01
1.425210469226836918e-01
1.278067293754721334e-01
1.162343292489597946e-01
1.216905398631309282e-01
1.160762000897716251e-01
1.051385332255274918e-01
1.092589794352772092e-01
1.542901494973722976e-01
1.399706211242542908e-01
1.219518497030373516e-01
1.668229036745773608e-01
1.418094256364417771e-01
1.205006373297207722e-01
1.698462983105697433e-01
1.248792616912345610e-01
1.498614088182695370e-01
1.223141393767139262e-01
1.225457479779007847e-01
1.116546577475525104e-01
1.268466924065290435e-01
1.219334900087190726e-01
1.045042590221145207e-01
1.085626557573992623e-01
9.339088236821693756e-02
1.690709180507535825e-01
1.055758036562411961e-01
1.679227776473588563e-01
1.481197182221569153e-01
1.385542849457625791e-01
9.499209030703187340e-02
1.226008391324384661e-01
1.234792210071535279e-01
1.267393067854599986e-01
1.289810234928986665e-01
1.472860309349433849e-01
1.726506052905289468e-01
1.260781027409295374e-01
1.261075093099257582e-01
1.037391147282612086e-01
1.112709597832330366e-01
1.557706942704781827e-01
1.014240978399538612e-01
1.392424786528044800e-01
1.471657107534843356e-01
1.291853784892413037e-01
1.395718739190725532e-01
1.533809828985213952e-01
1.386976334082640205e-01
1.205708958561091115e-01
9.136018983628342582e-02
1.371865513118343816e-01
1.437849074256553061e-01
1.476742399096590552e-01
1.326041671809828626e-01
1.499344473480049844e-01
1.092398523399630839e-01
1.681457974257370425e-01
1.383199655724848265e-01
1.271619068472984448e-01
1.660404461074726779e-01
1.099972474889537866e-01
1.007657651854978464e-01
8.233394864028310833e-02
1.005927084270270000e-01
1.278843244588251382e-01
8.165489549037863171e-02
1.080238062255315934e-01
9.173935899013380135e-02
1.232495003193400385e-01
1.017344922730615553e-01
1.225714917419778449e-01
9.317034230939541528e-02
1.159648279358093670e-01
1.143355846601575021e-01
1.058260767718444129e-01
1.330542036862362165e-01
1.125687100088474113e-01
1.046816591180929346e-01
8.791669655124721705e-02
1.144141340545482277e-01
8.050728904077886217e-02
1.247418465694773437e-01
9.267244149547633481e-02
7.379290704624567876e-02
1.436956650507553723e-01
1.043700957195605739e-01
1.384825439759775345e-01
9.282569092300775593e-02
9.276649715552444386e-02
1.393356137795869198e-01
1.034199222950127062e-01
1.197006469607049817e-01
7.789085827080216573e-02
9.722674692076455072e-02
7.922017441212342304e-02
1.342562331796069708e-01
9.383186737786522458e-02
7.688629657778651982e-02
9.158627493018128840e-02
9.451825246372769218e-02
1.437943424771370715e-01
1.916149153357127322e-01
1.139624522989219485e-01
9.956856180901232922e-02
1.061660269371628301e-01
1.158474381645163281e-01
1.111442249231840290e-01
9.549342438530732113e-02
1.461015596293110397e-01
8.894000591769607444e-02
9.923829623142012279e-02
9.673986821640409572e-02
1.137286476466394802e-01
1.525044704013403529e-01
7.398877124631972335e-02
1.258671650470873371e-01
6.762134630140180513e-02
7.293615537151283690e-02
7.281741419232982959e-02
7.489789749899880555e-02
6.900438004296419181e-02
7.823446109811066362e-02
6.837499527392705556e-02
6.887907926089392729e-02
8.206817916877995334e-02
7.873693555494340468e-02
9.600463115052691732e-02
9.467210190039482276e-02
8.062351974819136069e-02
8.834794397169591640e-02
8.187543647597075869e-02
6.063641426905172493e-02
5.464277752083145784e-02
7.923618175347328652e-02
1.209686106894198310e-01
6.300842661219450969e-02
8.440687804175230069e-02
9.462058454926491891e-02
6.579941709120272486e-02
6.826676288183435026e-02
4.814006701923741194e-02
7.510448219395571279e-02
8.508830806944570058e-02
1.105289520769192485e-01
8.448180152303870483e-02
4.808779081827746493e-02
6.323954473298508405e-02
8.965842307660576438e-02
8.878813805737187370e-02
8.458842813690919948e-02
6.145997748463759985e-02
8.214542612718554737e-02
7.529146089771537875e-02
6.087662193534499472e-02
5.991287173297507596e-02
9.399866231734094191e-02
7.315382495701198973e-02
7.414696093291316126e-02
7.375669153575140080e-02
4.455367284267515438e-02
7.108982991076637226e-02
5.067985859972494456e-02
6.113188327181137693e-02
7.872452672414764763e-02
8.529202823597559213e-02
7.629805505803728682e-02
9.088658556171202996e-02
9.198319683511374523e-02
6.230800100800351626e-02
9.037593690497530696e-02
6.258406813271807922e-02
6.900377032892743290e-02
7.448210911274082136e-02
1.036389584832047017e-01
8.538742976763435966e-02
7.815518826509090800e-02
1.223997621576870254e-01
6.175867002294740254e-02
6.879105802841929684e-02
1.048420929611871277e-01
7.187953013615715203e-02
9.304827904308765607e-02
8.858122312268486287e-02
5.415726385459781328e-02
9.179134199916944015e-02
1.000232766899057935e-01
7.725585205391058419e-02
8.517561580213242611e-02
6.327665356920762763e-02
4.674438241047388504e-02
6.322693305857671198e-02
6.221063450678549628e-02
6.377808546666549616e-02
6.338254037606283475e-02
9.434547106070190203e-02
1.357742361604159509e-01
6.883443896412123897e-02
7.548301815581379137e-02
8.095244787170641221e-02
7.962178984784276659e-02
5.545435837206800361e-02
7.610789550794436198e-02
4.491044857698062165e-02
7.928609484556323195e-02
8.189454005345250809e-02
6.119848005184792133e-02
5.999574357866618857e-02
6.132307595109952325e-02
8.245820492504449262e-02
6.129099059148791773e-02
8.189557213926867973e-02
7.659053967503169635e-02
5.203032716126052698e-02
7.407770233088657730e-02
6.316542110651043873e-02
6.537258072925372643e-02
6.708161297978804116e-02
8.645835083046125857e-02
7.512482635151845889e-02
1.003457954117180362e-01
6.147777858923765548e-02
6.618799316118248455e-02
1.036881543294820296e-01
5.162223151534154481e-02
9.140546755923766031e-02
6.237861069111857309e-02
4.641102300019295940e-02
1.020211018581943518e-01
5.352577727554845566e-02
7.307890416759944829e-02
6.608351716637789197e-02
4.571528308419189890e-02
6.447624323831410709e-02
5.439382560977801262e-02
4.507544218630968325e-02
2.980841544416447733e-02
5.689205237039998697e-02
3.937119884958779903e-02
5.245846527694418560e-02
6.836778380556583767e-02
4.652971608847802920e-02
4.968158663978640421e-02
7.197207167515906612e-02
9.047320466446723275e-02
9.564313954161399178e-02
5.772453921742323052e-02
5.453776293849205842e-02
6.380697776412208588e-02
6.249258482781355761e-02
4.022054988551583554e-02
6.920630365714117160e-02
4.191795768652521736e-02
7.079492824583610844e-02
8.541977490033636489e-02
6.005981134626896256e-02
7.638165328935617171e-02
5.014736920791187241e-02
4.209757646969752853e-02
4.082205308021787105e-02
4.589012125722443519e-02
5.117171305006519566e-02
2.619126517124589770e-02
3.339196716681255839e-02
5.749051326779351656e-02
7.231953024757707682e-02
4.683400703028010870e-02
7.735386693376228306e-02
4.582903793421007344e-02
3.535545701296903542e-02
4.915821993876030166e-02
8.216897802836772846e-02
4.122510122415334877e-02
3.985532434595190354e-02
2.998906022660151674e-02
5.265877796597907834e-02
4.219250013911703123e-02
6.544510902855338319e-02
6.868509346716233921e-02
7.079624189670891132e-02
5.752094207800369230e-02
3.756242231794044983e-02
3.285180653835940989e-02
6.262414707393501589e-02
5.625418273712680384e-02
5.340520405356375538e-02
6.427523332196230510e-02
5.323339097260619546e-02
5.533113438523556971e-02
4.938460450454855433e-02
4.259445467766989624e-02
5.560799607691432889e-02
4.964467898025891335e-02
3.913218101851485831e-02
6.163123243633597537e-02
8.850001789429275123e-02
5.543610874575952141e-02
7.225882743827920229e-02
9.340800897475778908e-02
3.682704034894155459e-02
7.567424093395141993e-02
5.476899705823104481e-02
4.431703381019334864e-02
5.994327891499766359e-02
5.037368278940412836e-02
4.102078447049607723e-02
4.446840370992050095e-02
5.207665933350863474e-02
4.592093562712806776e-02
8.653120651228310423e-02
5.672803552578743747e-02
4.205960249368284609e-02
6.550098843753665578e-02
4.707041573661692457e-02
6.262294401328967475e-02
6.600334949708322463e-02
4.368619134896975509e-02
6.964566466708502213e-02
4.667230243238203180e-02
5.062643987813660040e-02
4.041685754137186448e-02
6.391442254497639586e-02
5.462968838316081127e-02
4.412092367068104481e-02
3.011929443927675865e-02
2.807699833205473672e-02
9.045385808991993071e-02
5.277827335277604504e-02
3.805906451226302029e-02
3.892876167299254286e-02
5.246957088519713791e-02
5.582959175460994183e-02
5.768247298901107989e-02
3.869701939108091682e-02
2.679464692469100962e-02
5.034003600003594814e-02
4.257501002238345267e-02
5.642004439686304496e-02
5.537301550897297253e-02
5.935889511037562016e-02
3.464943042010228125e-02
4.054758772982590409e-02
4.652282295278308000e-02
5.021406600404088039e-02
3.146696419633628061e-02
3.651072796487904448e-02
3.398912469113528345e-02
3.634950441846583613e-02
4.247278716441469509e-02
7.770856140823970137e-02
4.822343191864737061e-02
4.687665488109316048e-02
5.055745953200406484e-02
3.837791846259389766e-02
3.893544252584894838e-02
2.997141072949522159e-02
3.716379731882074600e-02
3.031367578629004175e-02
3.135594677654988949e-02
2.870399490504353321e-02
3.208870919521646797e-02
4.245703305739864653e-02
3.241030271894554393e-02
6.712872133436872946e-02
2.402006858493554997e-02
4.267666986591608924e-02
4.156752966942011546e-02
3.641712618295163406e-02
2.515921439902980145e-02
4.618324119210278494e-02
4.600245494581427924e-02
6.932949277776165320e-02
4.627199855217419694e-02
4.054306959701691609e-02
2.552592140062850609e-02
4.736369367753387460e-02
5.135064296493264263e-02
3.356164959888743859e-02
2.394346368268148936e-02
3.155408402797993395e-02
3.052536473722328517e-02
5.675059639630085362e-02
4.948102941750422146e-02
3.932724151588902484e-02
3.543448824325176605e-02
4.987324728185860145e-02
3.645478073061673985e-02
2.566898540864338135e-02
2.984540060975702028e-02
2.552353561498312343e-02
3.897266155687375416e-02
3.004666094765861759e-02
3.488600652281258901e-02
4.108300984394945565e-02
3.812833420080472685e-02
4.632230204672509177e-02
2.964650565099671495e-02
3.741816215176779065e-02
3.533260025118822867e-02
2.651976577820597258e-02
1.770691939412236821e-02
4.414601763501386361e-02
2.660023320678772674e-02
4.597192408448684542e-02
2.631109335686707129e-02
3.964996166017017987e-02
3.165134622257673169e-02
3.053712024128820215e-02
3.782358738847971247e-02
2.822125048608069980e-02
3.110705302733771452e-02
3.594724913189173421e-02
2.771354184487064345e-02
4.925960111634186678e-02
6.542979972799284338e-02
6.153435225626557176e-02
4.384738063790147300e-02
3.803208736928059136e-02
2.873284256802719275e-02
3.890016022076028812e-02
2.963693629413016728e-02
2.487162502984148482e-02
4.861140257753062549e-02
6.334757860406564633e-02
5.110599780860702879e-02
5.270246415870974421e-02
3.766436310329498993e-02
2.993099716092756726e-02
6.208859580107457810e-02
4.374385993182759724e-02
3.449746373984186737e-02
4.409848765079200927e-02
3.056973190459498502e-02
5.153149745034164841e-02
4.181238804595034664e-02
7.007450457061448201e-02
3.892554071845900909e-02
4.583159871157541088e-02
1.475448679887749956e-02
2.600425592049326190e-02
4.145346320918762151e-02
3.173508636047529113e-02
4.294319977607450461e-02
3.170614989016101726e-02
3.084420694382591227e-02
3.502127423313380894e-02
3.440747250707900523e-02
3.748353284006479547e-02
5.542843282504553160e-02
2.697847213988394111e-02
4.178608557536618584e-02
5.465676462840311084e-02
5.627263051422962126e-02
3.180816550749305388e-02
3.767448155068198190e-02
2.854282960144967352e-02
2.787926493017520851e-02
3.943355144126155926e-02
3.074571109609011699e-02
2.954249760743135611e-02
2.905223280975033004e-02
3.225195245936487987e-02
2.236079979335022297e-02
3.196186638427088444e-02
3.744821744378698525e-02
5.299648981412550391e-02
2.907363976834092048e-02
4.400766949477530332e-02
8.691416458928848121e-02
6.287745099576597108e-02
2.255253195793847920e-02
2.851331301078866010e-02
3.406398918425327521e-02
1.597970527352029352e-02
2.695283003057659388e-02
2.321859310239729468e-02
2.217055367031351559e-02
2.528343830497215700e-02
1.769089853173796273e-02
2.386491914863512684e-02
3.203397759840236059e-02
1.831672250998544332e-02
2.379923188036028869e-02
2.246797037547953318e-02
2.829614342989012279e-02
2.025429270532527401e-02
3.171366165965175399e-02
2.725578969964772766e-02
4.117054152202744011e-02
3.124146917875724946e-02
2.032907615171990201e-02
3.000616737224240382e-02
2.216318956337550578e-02
1.792751808655109608e-02
3.052993474568636151e-02
2.357377338309294204e-02
2.225588004753861066e-02
3.861454575344642343e-02
2.672424012923199296e-02
1.694120377178472830e-02
1.340850103770791987e-02
2.939254930886447958e-02
2.842966849799919565e-02
2.751185972183715911e-02
1.714536526109834355e-02
3.072075659854726568e-02
5.460124868290001932e-02
3.459921010506988859e-02
1.763951146006023651e-02
2.602240837526202319e-02
2.071984849440430820e-02
1.905390571725558424e-02
1.956964374722564015e-02
2.058996680639947618e-02
2.742218631676130586e-02
2.171263782942759249e-02
5.650936195918185301e-02
2.403802693035118551e-02
1.898730933396748644e-02
2.825025250310031835e-02
3.873946431220602615e-02
1.632750574427322202e-02
5.694278714902815952e-02
3.842619349409349960e-02
3.049125270458271503e-02
2.644444826394309889e-02
2.082572037171869644e-02
4.594284785889926614e-02
2.230141910158708884e-02
3.185463784707798229e-02
2.171870918131723477e-02
6.026281362554167242e-02
1.684630586917917894e-02
2.298472569145111957e-02
3.054128195115052638e-02
3.947268837150580412e-02
2.893978283436236115e-02
3.082084870029826867e-02
2.218564184751180279e-02
2.215692667846789685e-02
4.971470481841001876e-02
2.388523336137063011e-02
2.743569378446375148e-02
2.664213243941656109e-02
3.724600242030935704e-02
2.582915198253650513e-02
2.637584701080326194e-02
2.201488281097961977e-02
1.296710470856545297e-02
3.159230676286377965e-02
4.676093119728819136e-02
1.725190933771562907e-02
3.019930859390369121e-02
1.867803712374815212e-02
3.233513789413662576e-02
2.903839981957204164e-02
2.274674475153294628e-02
2.235763356225840132e-02
2.640317236383364630e-02
3.432186969162479007e-02
2.231768501937281268e-02
1.382008241117825553e-02
4.575761556016160608e-02
2.523230230764786711e-02
3.210004116334585350e-02
3.204239458397023510e-02
3.805242278568504721e-02
2.022803157564614929e-02
3.665687675491166586e-02
2.625000561213229611e-02
2.316724149650711481e-02
2.499420606865139852e-02
2.589807418030982272e-02
2.997345540556543841e-02
2.838465564754851650e-02
1.129801795472126780e-02
2.489876871955833820e-02
1.924602625260432576e-02
2.423649961558883154e-02
2.934960034529119147e-02
3.744035245776052706e-02
3.367086579491865295e-02
4.377031790634344777e-02
2.283624510821635062e-02
2.135004959388414614e-02
2.320861332133452443e-02
1.681281507738085698e-02
1.551078797257466127e-02
4.871612036359853487e-02
2.127576051643413624e-02
1.080550641612314754e-02
1.941069674690883845e-02
1.186809160713694737e-02
1.934187740580242676e-02
3.082706841819710109e-02
1.912208994887472369e-02
1.804559004642774384e-02
9.915972710030042034e-03
1.771002792690633612e-02
1.259329793852071930e-02
2.236028809851101778e-02
1.942019616549055250e-02
1.854080358138187473e-02
1.957618909128133744e-02
1.324123528684110172e-02
1.562672443704781616e-02
3.900694464853941834e-02
1.547021185801936323e-02
3.086525766488493194e-02
1.598821183118834255e-02
2.254932138946645626e-02
1.793724897681591920e-02
1.919233806190120267e-02
1.445877705970087523e-02
1.545315038523408652e-02
1.349782001479706353e-02
1.701482630520370284e-02
1.604913481559097632e-02
1.711712221782480531e-02
1.144048716122478444e-02
1.461159320023825738e-02
2.177255028718301511e-02
2.216941744446249488e-02
2.436619444269442700e-02
1.087022927940067829e-02
1.822650850043972676e-02
1.560597518054712869e-02
1.038588963695790020e-02
1.792853603813600663e-02
1.702252176412548390e-02
2.401639237125790388e-02
2.105831748739092624e-02
9.531759444207831000e-03
1.689101670534974911e-02
1.651641816845795391e-02
2.769026977588277122e-02
3.438855409493757342e-02
2.611370545460293957e-02
1.749869930605461171e-02
1.787952531919263094e-02
1.950981671989312702e-02
2.933382500520265168e-02
2.031011160916538355e-02
1.927739241664156583e-02
1.657065701078207914e-02
2.342999345151210167e-02
1.927237767889827119e-02
2.715377622490666720e-02
2.107569846170821715e-02
1.281935824006329508e-02
2.302607027700629555e-02
2.120650273822139928e-02
3.294540380878548114e-02
2.178687507726538922e-02
1.579836575703857937e-02
1.337840016635035920e-02
1.477065426174667059e-02
1.896782959161964072e-02
1.964406937485617052e-02
1.326624251696171750e-02
1.656442906805651039e-02
3.211106076347001320e-02
2.687146934428095990e-02
1.376835652738808181e-02
2.485171881352962048e-02
1.557417256950553719e-02
1.731844251502657681e-02
2.442100499543944231e-02
2.170693329775708058e-02
1.707765276133708932e-02
1.756976716135336819e-02
2.717466376039836401e-02
1.929983816365337529e-02
2.106326380102577916e-02
2.309028837310269505e-02
1.358822665764896492e-02
1.631704982826998399e-02
4.106138612697231294e-02
1.550327780208576867e-02
2.462574890476463066e-02
1.102974431766495095e-02
2.067801260803590196e-02
1.688797826513427358e-02
1.017292939165274392e-02
1.218121175833425038e-02
2.066586916416575728e-02
1.202186201765340079e-02
2.236173639935959065e-02
1.617835663945184355e-02
1.194372486311110794e-02
2.970848049846013667e-02
2.988451709944896922e-02
2.971378310884102009e-02
3.024184215962125166e-02
1.649917416972125975e-02
1.324757346514821195e-02
2.303250551000740956e-02
2.530939034492863879e-02
2.073889251994252836e-02
1.942714133337382007e-02
1.615094628413035055e-02
1.654182377104492646e-02
1.994447359607945738e-02
3.452199693290883276e-02
2.427418898875541298e-02
2.821250825450672545e-02
1.602825517012403111e-02
8.367125377933616256e-03
9.874125688460180447e-03
1.203340465884042074e-02
8.872382330754269297e-03
7.421555810697774355e-03
7.314031838463979154e-03
1.910408575060418279e-02
1.573953190302448263e-02
1.413580393038378277e-02
1.839073444631806123e-02
2.013576845507789384e-02
2.032131342400888760e-02
1.415484674694545211e-02
1.105750221531213127e-02
8.931452477154065706e-03
8.292335248127171224e-03
8.956559858850925496e-03
1.165664675981151893e-02
1.158529799770767650e-02
3.015831727179293237e-02
1.273008564616082833e-02
9.452847396926139859e-03
9.980955726337495046e-03
9.255893398557465956e-03
1.383681752860168625e-02
1.398671866785159215e-02
1.541624833156131011e-02
1.271335631570865571e-02
2.076396906262581443e-02
1.660728480595873718e-02
1.272837901267700328e-02
1.204406171152426486e-02
9.087418435551410795e-03
2.533960770461896050e-02
1.778352572974497420e-02
1.176583673674090093e-02
1.536882961502016379e-02
1.118077853175430438e-02
1.936714385551634859e-02
1.946220600670257178e-02
1.397654919272832419e-02
1.160042070140489268e-02
1.120345823696972630e-02
1.256993122346929462e-02
1.620802884690943080e-02
6.583002786428699196e-03
5.194179914715716523e-03
1.928187224343192938e-02
2.415029877925720103e-02
1.304358186861785326e-02
7.434128120828496430e-03
1.402982557876262214e-02
1.942437387944366198e-02
1.039709739229011110e-02
6.391989846557104629e-03
1.010241596999283606e-02
1.152621389925659323e-02
1.195714459138309468e-02
7.963891713944914325e-03
9.394129872254384367e-03
1.340106116856418228e-02
1.362948676605544966e-02
1.246953452007183022e-02
4.667764963003013384e-02
1.567619456418545970e-02
7.068110789989577071e-03
1.008783154443388189e-02
1.392946762148801823e-02
1.214585208300984071e-02
1.124238749279026645e-02
9.453901043945507621e-03
9.556467401348363311e-03
7.703167828284646079e-03
8.210872898745617127e-03
1.175201470794561345e-02
9.779856963556918248e-03
1.581409240227568680e-02
1.361901826332118787e-02
2.518945303467115190e-02
1.159775705313083327e-02
1.213301715417642798e-02
1.752070229541467100e-02
8.322669633935906794e-03
8.673145875800796628e-03
3.739006205600325233e-02
2.089274310624662789e-02
9.134796309936642905e-03
1.532461827736038631e-02
1.196014438476997871e-02
1.272774837492949770e-02
1.494495588416099377e-02
6.180166444554986531e-03
1.204024621692970087e-02
1.125970321267791112e-02
1.250441579292222057e-02
1.471159182040730762e-02
1.104469255244074077e-02
2.761812081499220514e-02
1.500139305189065846e-02
1.297553676091273145e-02
1.379335444669965022e-02
1.919806695296922064e-02
1.924063087345774872e-02
1.420067565809921689e-02
2.165039172347492727e-02
1.942188304445401428e-02
1.332179456523673901e-02
1.210076539576273105e-02
9.619140201464834380e-03
1.366674085108404019e-02
1.752181826536722969e-02
1.595991632735301036e-02
1.098039826837144198e-02
1.004925289407374023e-02
2.818760357119919069e-02
2.615900114142102884e-02
1.764478396188488146e-02
1.820268625326421086e-02
1.305205675319103149e-02
1.267832550115249347e-02
1.422609798484023545e-02
1.253509807782311053e-02
2.064277108624309326e-02
9.780853742213251739e-03
9.724238824448675628e-03
5.708772677641776871e-03
1.771679240661331450e-02
1.324702550010538500e-02
7.689698552856913914e-03
7.960743031773982042e-03
1.277273591976205158e-02
7.275441785892645778e-03
7.090890036305232125e-03
7.004460305364704556e-03
2.010042591714228388e-02
7.536613629824342152e-03
7.529403268746497763e-03
7.713101145882118870e-03
1.499713572995080811e-02
1.166638918553676053e-02
1.177786812835825148e-02
1.217493936924060084e-02
1.138278475580518229e-02
6.192769154500120908e-03
7.230928543887365015e-03
9.760159041305309022e-03
1.531139214969615830e-02
9.505288627962170736e-03
6.684425747480075147e-03
1.027003527913269293e-02
5.447311312631515114e-03
5.593933269833056658e-03
9.252401007921719212e-03
7.069101480964597520e-03
9.083992145477268187e-03
7.793120004369578219e-03
6.429188865992943765e-03
1.351161114188387941e-02
8.507997670077843688e-03
9.677405717613173780e-03
9.875519700350457453e-03
1.006366641645319027e-02
6.914268933270135975e-03
1.726612554378327904e-02
1.422545376106557763e-02
5.614894328632583434e-03
6.730916281918148530e-03
8.086028250935402978e-03
8.044530129467038909e-03
6.194218138200143636e-03
7.993754179518688593e-03
1.536787991891068461e-02
8.153443067630515573e-03
9.094439205923135483e-03
8.815332754942291349e-03
6.649053117980585625e-03
5.125606268792657835e-03
6.473736336218110544e-03
1.668326887002872377e-02
1.635164796974636348e-02
9.223537039045411404e-03
1.156113474103272892e-02
5.884560148491836500e-03
9.791900893897132613e-03
1.134014707912758477e-02
7.373029837118049920e-03
1.216106394914243452e-02
1.832899450507891048e-02
9.164180092509221706e-03
1.211780584872040704e-02
5.768106074646695350e-03
1.069696741583960227e-02
1.018370771797244903e-02
1.155343067456742270e-02
1.047123566996410564e-02
3.441810163430452513e-02
2.367153367460339899e-02
8.553602205298636157e-03
4.680913516245727678e-03
6.134386141313756188e-03
8.474034015049669924e-03
1.099047059545588123e-02
1.715308309551616048e-02
7.749313534015614575e-03
1.354237602489867347e-02
1.907646060405737698e-02
1.673729426413568533e-02
1.256016213486525410e-02
9.722143886299409662e-03
9.852241627674488203e-03
1.301869952835739766e-02
1.138467138799913528e-02
1.072139057098570047e-02
1.720220271040050902e-02
1.609228983344311581e-02
7.202022065378716961e-03
1.052782142652344301e-02
1.143968634418207619e-02
7.220432275790441418e-03
9.105233773332402358e-03
1.095472535475163801e-02
1.000542702373220100e-02
8.942799570808901422e-03
7.796980015326551890e-03
1.154825234314034964e-02
1.317076998231109936e-02
5.714104741541549751e-03
1.445228400077009159e-02
1.086647858702977434e-02
7.691170883457302751e-03
9.790424369411042382e-03
1.681012574334305593e-02
1.236116790940878021e-02
6.953165346705228629e-03
1.562081349221206353e-02
2.268689047255499636e-02
7.662861976218099391e-03
7.911468664483133073e-03
3.808992258423294676e-03
1.056046519025104040e-02
6.135069592590164378e-03
4.882055536453583540e-03
8.677741462570769115e-03
7.896160618027697753e-03
5.262751574400934343e-03
4.460988966664670985e-03
8.011600065705615226e-03
6.783884650649794901e-03
6.202079610007708507e-03
9.694071174727900836e-03
4.410463169689531407e-03
5.783191002973635253e-03
4.430261434482847711e-03
6.587464029964289203e-03
6.162412799436565482e-03
4.552165549431097351e-03
8.178940915170278964e-03
7.731986148873539952e-03
5.100857841712275707e-03
7.925672320092204404e-03
6.798349480801765994e-03
6.864070749307711258e-03
9.347704611533610292e-03
9.478338408370857310e-03
5.143032645526490407e-03
6.944167845208615991e-03
1.620733705149922724e-02
9.633673179763112965e-03
1.164017194551836276e-02
8.578350844331020242e-03
8.748555909261442054e-03
5.752799189438013300e-03
5.438774762981573273e-03
6.356549789695820421e-03
5.102344744306584225e-03
4.017229590207086094e-03
5.421626887739638447e-03
7.214233873303826407e-03
8.488263500337274448e-03
8.620539657828869481e-03
4.187849385853792059e-03
8.062849954167944713e-03
9.438839797887127112e-03
4.924618808325024501e-03
4.093189126457513413e-03
5.666632818927554681e-03
1.158018924285494217e-02
5.584983153090162036e-03
1.575924670624198609e-02
8.341602769826426608e-03
5.798348655989278566e-03
5.221985413422353811e-03
5.252561084130261126e-03
9.241258016009456372e-03
6.754817639672562948e-03
7.392482223049921114e-03
8.235605016641946510e-03
5.595616655177113388e-03
8.342607918118912641e-03
8.713674770117686014e-03
5.390345110542721190e-03
5.629015994431877355e-03
5.039360436887406133e-03
8.058191125349629252e-03
6.265012164141305941e-03
5.719995022109508956e-03
7.039651214036906322e-03
5.707946703387421425e-03
8.351337307185360825e-03
8.252774075401862752e-03
6.489841698304864119e-03
4.508965156013174796e-03
9.822194054044554659e-03
9.162355965261357454e-03
8.077012405363161174e-03
6.193435791284946160e-03
5.103125241445230151e-03
9.103498255880037443e-03
1.265673838929981879e-02
7.394254268517764725e-03
8.798416769038587895e-03
1.565781778039707084e-02
7.647295942430925968e-03
5.291386918760711960e-03
7.499929332817287415e-03
5.700165358373005843e-03
1.039261902321810330e-02
4.072799064748578238e-03
1.058737787507750029e-02
7.128452347395954417e-03
5.832418498803730762e-03
5.298972485810425626e-03
5.206462817446641869e-03
8.605195504013774671e-03
6.294753877479925680e-03
2.024919074808918112e-02
8.551388379753476973e-03
7.145838853819687538e-03
6.750494807958666230e-03
6.771928327516023825e-03
3.820963907655608362e-03
7.506151522609708950e-03
5.884546390104099245e-03
7.548605295378669339e-03
5.021543400944225577e-03
4.437616458203763256e-03
5.446286061084605959e-03
5.123979725350139187e-03
8.369145706078938082e-03
1.122149180418497393e-02
9.036817349027267965e-03
4.550882271104024664e-03
3.437545455522312762e-03
5.191045692463448595e-03
6.107534103704929593e-03
4.664891471716662262e-03
5.795944258639009437e-03
4.745141371075281209e-03
3.834217550608405231e-03
4.313462482363801358e-03
4.061165319135363362e-03
3.520995437900200763e-03
4.759178288150337117e-03
3.415144545000709658e-03
3.199597961632562847e-03
3.192757241130742170e-03
5.955965231482082331e-03
4.561149971816461091e-03
6.646879306235629371e-03
4.754509495848362882e-03
3.660827938408891570e-03
3.152495359301362050e-03
4.405664383095544111e-03
1.174376677719840036e-02
8.912196455173354570e-03
3.831956556312507423e-03
7.031022742390071779e-03
6.367627899722609619e-03
6.160064144547622821e-03
8.709920774317455108e-03
7.726784884203886754e-03
5.174174840703414137e-03
6.195916614406529223e-03
3.459666912167738174e-03
6.652520916632083045e-03
3.446741310793366864e-03
3.807850571003822994e-03
5.160023108315165558e-03
4.098494105771653857e-03
4.300971069432153390e-03
5.679638889687282921e-03
3.590375160951026628e-03
4.444236434067144054e-03
6.962511716890102190e-03
7.028829756310204027e-03
4.646911058895823211e-03
5.841339372288787551e-03
3.391689962531203861e-03
3.950170124022724626e-03
4.911535108191438306e-03
2.624880374228389171e-03
4.116394812464948399e-03
5.276178694552421077e-03
4.005807191124682171e-03
5.505830082491780519e-03
6.108086392142986036e-03
5.731221465919481700e-03
5.966005304425656477e-03
6.749028019054567618e-03
5.179250341933587173e-03
6.300201178070246114e-03
2.956834182646193073e-03
4.576694816401861120e-03
6.334953138536923191e-03
4.627860385007276194e-03
3.983539025212155631e-03
3.424551651036075381e-03
6.174284207202536748e-03
3.128827199178035000e-03
3.753273188978181740e-03
6.400339495736973722e-03
3.805149700764818427e-03
5.362796078673879446e-03
3.237732521583625359e-03
3.475316204379786961e-03
3.708136300139651745e-03
4.278034864752915979e-03
2.747191177069881283e-03
5.107962177319068896e-03
3.178542040584072907e-03
6.987871540044867866e-03
3.016244785856494852e-03
1.000872633640402867e-02
6.185286744749071350e-03
7.059736372813096850e-03
8.734332171053488247e-03
7.075787784131672836e-03
4.068120254137940449e-03
4.607565723838785016e-03
6.811046613906078170e-03
8.559160409983286588e-03
5.828434012380575256e-03
5.822707821438590642e-03
5.923254309242944812e-03
5.005125020401363783e-03
3.548630345341068342e-03
4.607414694754272122e-03
5.019374261191676852e-03
2.813107743542112883e-03
6.448038106915166510e-03
1.026674232597843753e-02
5.521258942891711131e-03
1.565040039425680610e-02
3.562138965454703012e-03
8.675249636276418166e-03
1.670641358285297057e-02
4.635528906361145729e-03
8.572706736641151973e-03
7.193047761371870220e-03
5.117487417294879631e-03
2.128000996719904211e-03
3.603692109457209275e-03
6.876637228997674670e-03
5.984225376131427354e-03
4.929479049299115637e-03
7.531413319159400988e-03
1.217227181338899344e-02
4.051746274091392978e-03
8.303754689744329356e-03
5.084151964416908608e-03
6.253102754517635836e-03
3.350671437965709650e-03
3.573073966217878671e-03
3.951596427439645239e-03
2.993467596852138549e-03
5.650651538834003049e-03
3.922938256914273655e-03
3.659699145014602521e-03
3.761513599325580666e-03
4.149117197912402522e-03
3.559209057126467863e-03
3.940906680586581112e-03
3.722349573738572073e-03
3.379729140870178956e-03
4.319551470591178471e-03
6.491465584170517597e-03
2.827941959879667986e-03
3.010215637622761127e-03
6.001687837983576100e-03
6.651057424323567752e-03
2.674452598928385091e-03
3.605324877276197028e-03
4.126412301683477120e-03
6.101719053226895353e-03
2.473253110534950460e-03
2.228517571820329106e-03
4.167853316273896838e-03
3.908174888552055221e-03
2.936839893549017446e-03
5.414424707270715231e-03
2.813175595564972563e-03
3.993122374377854229e-03
3.230379435533854877e-03
2.689538472123355600e-03
3.057737984937233811e-03
3.930846310718053710e-03
4.887692436092381729e-03
3.290001219270687408e-03
3.407420175890435443e-03
3.321501555118892834e-03
4.596833866230643460e-03
5.042200133411154674e-03
2.494894244310937471e-03
2.135362269937118689e-03
3.298835441031261820e-03
3.413862169338388944e-03
4.170751693743464036e-03
3.615699824129687233e-03
4.400718122515516473e-03
4.092509849975188574e-03
2.839683991917977407e-03
4.612629834366263615e-03
2.476825000135996022e-03
3.010987224831504667e-03
4.603925538116103791e-03
4.031587392236872860e-03
2.521237415593299315e-03
4.258246392333955507e-03
3.337725866905444719e-03
6.548248580696360358e-03
4.445887207473030872e-03
5.430180380910569309e-03
8.200704687574160434e-03
3.789946135528390794e-03
7.042411202370144237e-03
4.030108982513228022e-03
4.240000546874464829e-03
4.113400979884664424e-03
4.091550979172510656e-03
3.156474109640016942e-03
4.148924069805822595e-03
4.438844968153271911e-03
6.412977225233549954e-03
5.572797060426620298e-03
3.778250484236548787e-03
4.996258947042154716e-03
3.635961602086158762e-03
2.662058117710416633e-03
6.171121568677511229e-03
4.870712478694705534e-03
3.339864737420056122e-03
4.101979597033256555e-03
2.724292590437970771e-03
2.735971320324523219e-03
3.650093941301417108e-03
3.413852772649558255e-03
2.298641496053873030e-03
5.354512905118259496e-03
4.403619684146514723e-03
1.251934497743781814e-02
6.173126136025250225e-03
6.295342665620489928e-03
4.859599149886808730e-03
2.716682239810138105e-03
3.831058815625289563e-03
3.557437228913431278e-03
3.059502862489887204e-03
5.023811582643558822e-03
4.319680976697294443e-03
3.196713886779963161e-03
3.956397613779633407e-03
3.230733944997966553e-03
3.177827238927059383e-03
4.234112903477376191e-03
2.383946978015302059e-03
5.114685214156736506e-03
4.119151908410017063e-03
9.745804601807772291e-03
4.900487091212765017e-03
4.446820258313961133e-03
3.207082530543860135e-03
5.003190362089729101e-03
5.482873732288299530e-03
4.899704463612565390e-03
3.393405559697266344e-03
4.048863081957990509e-03
8.915735385130730412e-03
2.681352661246696415e-03
3.288831149659270092e-03
2.193533684188370136e-03
4.825456469747284143e-03
4.513123359817885517e-03
3.570597608235514912e-03
3.459841758482087425e-03
2.738619113561383683e-03
2.209659039624650885e-03
2.262373420636321596e-03
3.434263867175604661e-03
1.965735080027686873e-03
1.868025539350720923e-03
2.929639273902783642e-03
2.588102534467642130e-03
4.017057565225953808e-03
4.310634676853891331e-03
4.946512953452757849e-03
2.373271467062515981e-03
3.833191738725054767e-03
2.732229060104370780e-03
3.465112655089101681e-03
3.503720006151501282e-03
3.016109282575400903e-03
3.866422365325415753e-03
2.036047468156854893e-03
4.385312142702585576e-03
2.724978136403561485e-03
5.118104251093455112e-03
2.872922545446934556e-03
2.489396365691535704e-03
2.472546900349859283e-03
3.337246692364233096e-03
4.954336179408630469e-03
3.093852327987684121e-03
4.878279944128895845e-03
2.295479958755612671e-03
4.060824543071719743e-03
2.709958454940536790e-03
2.799055168288649455e-03
3.504927872195100994e-03
3.962044005456709372e-03
3.180846507236197683e-03
3.058848218535105239e-03
1.980753198250067432e-03
5.382671492177571598e-03
3.112194393004732908e-03
2.931018413133141057e-03
2.368193163842011346e-03
2.138272122822956756e-03
3.677124753940191892e-03
2.980900503296082197e-03
2.071388190245659899e-03
2.068091914557401365e-03
2.428496380559531410e-03
2.353270156879460999e-03
3.399033106156642593e-03
3.821841060794024195e-03
3.835707627666695794e-03
3.213596387065427440e-03
3.548393268058214894e-03
2.882166516068258248e-03
3.641845873342976388e-03
3.640658841359895558e-03
2.349482522995476746e-03
2.567189091828791202e-03
3.272941108608684677e-03
2.739570785595330307e-03
4.991694751435822065e-03
6.503795293326824350e-03
3.957588238885020870e-03
2.112027207144115491e-03
2.480560961905679818e-03
4.346566431676709627e-03
4.462185703337392256e-03
5.010086600041574120e-03
3.383371515474265304e-03
2.737061213465529809e-03
3.975051513175857122e-03
2.633035666298429774e-03
3.046987387427205034e-03
3.515801772818140034e-03
2.428946141995540296e-03
3.528078744256592583e-03
2.130753141731957755e-03
3.288022490913237832e-03
4.275801920402777512e-03
3.661503767956186036e-03
3.137955186681526572e-03
3.989787943476957865e-03
3.536690864500527040e-03
4.259045608650537454e-03
3.211651914491699643e-03
2.707828944413853342e-03
2.235838599712459789e-03
3.395731530714231165e-03
2.466090157928494276e-03
2.760401958374061535e-03
3.490174331028981537e-03
6.186980305923479168e-03
6.184610100285143144e-03
2.695880892275341612e-03
3.195489698160275827e-03
3.258683321318663149e-03
2.658316347461981907e-03
3.995563420706754743e-03
2.798910662551771632e-03
3.693987484369120038e-03
3.070554251319366004e-03
2.418058370843781304e-03
3.708650149487028192e-03
1.825580131108009256e-03
3.636809517045999727e-03
2.824313234408279416e-03
3.226343372654445936e-03
3.917975550492995562e-03
2.501558785987509533e-03
2.212229276439157174e-03
4.232852044024953443e-03
4.447753627748442240e-03
4.511410543555462345e-03
2.916332749313969592e-03
1.825391405167035765e-03
2.441634532299270886e-03
1.991216681785746862e-03
2.980423513025990019e-03
3.084050355155291533e-03
1.988107680756403314e-03
3.271038696269381110e-03
2.240207138364924688e-03
2.801444926331313028e-03
3.450415967392091859e-03
2.392514733808586043e-03
2.404522208610637528e-03
2.331255493746106026e-03
2.837775063605392934e-03
2.099664851494355711e-03
2.143268450203288968e-03
2.034015497258308443e-03
3.328326237729873488e-03
2.972914324192654605e-03
2.223172686735845963e-03
1.692709071830818344e-03
3.763970177153733686e-03
3.240705062504186697e-03
1.698143456383998566e-03
1.749285211731558447e-03
2.754917476999957284e-03
2.715004289969249161e-03
4.817369330210904792e-03
3.149998719663397659e-03
3.564670226867802140e-03
2.141195737273030638e-03
2.746412101648450666e-03
2.620160355684389777e-03
4.754787826117519781e-03
3.069017261393943222e-03
2.410009473699257186e-03
2.960692201212728782e-03
2.255971746262537721e-03
1.412855647076715314e-03
2.407212895017984793e-03
2.570419352552545320e-03
2.371251303053489422e-03
2.477652321629603919e-03
1.816782104204440074e-03
2.776368174985341733e-03
2.400070377821646606e-03
1.313405497665641464e-03
2.744150119571015303e-03
1.916624728965398480e-03
3.245397402779991777e-03
3.892160054885038765e-03
3.378020354871929393e-03
2.059634310583507988e-03
3.394768582115729148e-03
3.038603473126607734e-03
2.570019836318999072e-03
1.904099352200991488e-03
2.884010023472492398e-03
2.128057057121052718e-03
1.704377877247616538e-03
2.756419216681903293e-03
2.793863569146262833e-03
2.001840941061121346e-03
3.214623453576455694e-03
2.628653310223748058e-03
2.771888015952694590e-03
2.411938158465314411e-03
2.461862122813512823e-03
2.071236162951863545e-03
2.725222267140445416e-03
1.646829858725789089e-03
2.246934998983025553e-03
2.494851817778615845e-03
2.681310922983470586e-03
3.090419751175158165e-03
2.101544316799707022e-03
4.445396155477215200e-03
1.931049258079986205e-03
1.935675936592259243e-03
3.005305118148046684e-03
3.836857702482343504e-03
5.187017522107460060e-03
3.547827965475449947e-03
2.008477110065928859e-03
2.005530405964024709e-03
3.215501500578952371e-03
3.515745203609330592e-03
3.636181074949959048e-03
1.801898292298947327e-03
2.814122698290818462e-03
1.739788806387587488e-03
2.922752788467151627e-03
3.033124740233829851e-03
3.446034676743000777e-03
3.041986518454508487e-03
2.555980698851324263e-03
2.400201642124469292e-03
2.881903670478056650e-03
3.958139539274522015e-03
3.483386468842828917e-03
2.999196528406187275e-03
1.699215235145672478e-03
2.345996838417829453e-03
1.739137456245120868e-03
2.918316417304740902e-03
2.336990456832080572e-03
1.812436227211776038e-03
2.697657545631048162e-03
3.858261714801277178e-03
3.243517080123954361e-03
2.757139448368309091e-03
3.136079450770002872e-03
2.521563277815310790e-03
2.187451562827031921e-03
9.745281861391699458e-04
3.145719098135438957e-03
2.197173560774934482e-03
1.641708634033430762e-03
2.385400273010463389e-03
1.698770526580161474e-03
2.014750766537293757e-03
2.356921489784331684e-03
2.574271321272189779e-03
2.276334460967701159e-03
2.319148196327796511e-03
1.664442182062245840e-03
1.636709002389015715e-03
1.805361735876400949e-03
1.752794297569021734e-03
1.970615522780536089e-03
2.030955660666947885e-03
2.777059723570581614e-03
2.100690170045722404e-03
1.682988615308476325e-03
2.134119384033007945e-03
2.265236667890165381e-03
1.304141720928563139e-03
1.996471366835336075e-03
2.327095068716941370e-03
1.985415467327989597e-03
1.871368998258509265e-03
2.062085914948746934e-03
1.543890107951847133e-03
1.676866240187485516e-03
1.759693767343414178e-03
2.516737272533016347e-03
2.069469431879646191e-03
2.528463490451353900e-03
1.907519841113535040e-03
2.337422943681544824e-03
2.027245606697349913e-03
1.887896468868051174e-03
2.180989432611123505e-03
2.626122835536583329e-03
2.165379342085295682e-03
2.581771068632970033e-03
1.604948367761046581e-03
1.715509640641725477e-03
2.728125597783853315e-03
1.832045072791664217e-03
1.736210467249295862e-03
2.726135581718984804e-03
1.530570438031621803e-03
3.492555103060071379e-03
2.326769061649211576e-03
1.741061965863877070e-03
1.695496694528280269e-03
1.261487938773534542e-03
3.196810053728753234e-03
2.125578648699505066e-03
2.739634643714419782e-03
1.589228285110866595e-03
1.507708451990163144e-03
1.443718024034331467e-03
1.667109769801255678e-03
2.012250132489313940e-03
2.499023978155370460e-03
1.775810996713854091e-03
1.920374425150345133e-03
2.835560102166516556e-03
3.045617498878519253e-03
2.543984166896623260e-03
2.130844259190394635e-03
4.436805984309820546e-03
2.449020761892805459e-03
1.231875811656037850e-03
2.998005443201236762e-03
1.272011180973307929e-03
2.226543162492454053e-03
2.331021130604667667e-03
2.317727410026906854e-03
3.272447436870344530e-03
2.198869810426050050e-03
2.116274446247788307e-03
2.493762385981106514e-03
2.034532937321074410e-03
3.342217447396801655e-03
1.522963003652608388e-03
1.925823892454097937e-03
2.077211887799800937e-03
3.620452265620630657e-03
2.843803404749409118e-03
1.595729659027218372e-03
1.808886239548266424e-03
3.654496227773965621e-03
1.810623349253301980e-03
1.942254443455282507e-03
1.583087808593973845e-03
2.133588303190184395e-03
1.439512938233192089e-03
2.544054458017931328e-03
1.471683545995589124e-03
2.660036146577856794e-03
1.999684212762712233e-03
2.130796826748056205e-03
2.646568436014966504e-03
2.519354195143954072e-03
1.821060439508983891e-03
2.415562252735217307e-03
2.184964358231544432e-03
1.233883570994828097e-03
2.398112339180909908e-03
3.764472868806028900e-03
2.568443814116156548e-03
1.984878315446554110e-03
2.607917050312288584e-03
2.007818678786623887e-03
2.896227968659398268e-03
2.633049620204714128e-03
2.148626446457869207e-03
2.343710644868782656e-03
2.517282447946397883e-03
2.942680232299983538e-03
2.394071712497869084e-03
1.834522779993366225e-03
1.088492216014525426e-03
1.621222875401702370e-03
2.021094858108214883e-03
1.447512972051830712e-03
1.390544369448228589e-03
2.602691227778840787e-03
1.499008151613861898e-03
1.820945134084277998e-03
2.277886054429903960e-03
1.417701482698585473e-03
1.810518152484022480e-03
1.445095583281090067e-03
1.924283531174984145e-03
1.590262503309999419e-03
4.083896763681293604e-03
1.726860877315732198e-03
2.189360925700323257e-03
1.895993380353057974e-03
2.231415802332400652e-03
2.003344322847479438e-03
1.788415570795497036e-03
1.928610897552451072e-03
1.864116672963642574e-03
1.505326781056699542e-03
1.999304591482914222e-03
2.237080210439581357e-03
1.805201960809085923e-03
2.265509687118813422e-03
1.663543884686143753e-03
1.832827574919819198e-03
1.804602760371037820e-03
1.312656996388757895e-03
1.821274898129250121e-03
1.598610919849299252e-03
2.807569185337996029e-03
1.749297199722720485e-03
2.338082144764225788e-03
2.144042345008097261e-03
1.371981481930213817e-03
1.525197345829811457e-03
2.858418971556862462e-03
1.555769617380114295e-03
1.598045392202516318e-03
2.483035019082048198e-03
1.307377125969609718e-03
2.914684993845281964e-03
1.959171858669337893e-03
2.038313088429824158e-03
1.899000738949361416e-03
1.480967255072380018e-03
1.922126342377137621e-03
1.871139353913335666e-03
2.183035789225285222e-03
1.753759287148490015e-03
2.066331388092063071e-03
2.164101157542496282e-03
1.916893448351395749e-03
2.360037065210827782e-03
2.593825482499719989e-03
1.864210611517871756e-03
1.710778409957608263e-03
2.590887148049429104e-03
1.581599993276088705e-03
2.107071598520821303e-03
1.347108513786932126e-03
1.259677474230363374e-03
1.650692265807506692e-03
1.651599090833526587e-03
2.333365178403552787e-03
2.395484813506719261e-03
2.197059358502334060e-03
1.533335251792279988e-03
3.220619571156508893e-03
1.811840276912831749e-03
2.232081656945419414e-03
1.692659945587871029e-03
1.738893078954389720e-03
2.096519163547660471e-03
2.063376121260130421e-03
1.574623890430366414e-03
1.667468897192943278e-03
2.056691458214528201e-03
2.363214654482482732e-03
1.839753806180544592e-03
1.405851378502601719e-03
1.704824019956998043e-03
2.245805431103674050e-03
2.081627139451737440e-03
2.027859679534436878e-03
2.496537561475315956e-03
2.567718386806093316e-03
1.481361191184109825e-03
1.971645337990392786e-03
1.814173927222649443e-03
1.369669185575694359e-03
1.602186675575424614e-03
2.412363755638048928e-03
2.347393632476648447e-03
2.702007616938045115e-03
2.773477724779467232e-03
1.708155973309778740e-03
1.257411895633675893e-03
1.601354009908476745e-03
1.449471445515490954e-03
3.640283997559415514e-03
1.617611654139794550e-03
1.638951150195960740e-03
3.416641705649978329e-03
1.834015576606371411e-03
1.928840902056364742e-03
3.186881939903547702e-03
1.513551720531308145e-03
1.280548887517019788e-03
2.037309895832511205e-03
2.417314605445956659e-03
8.623458395648553928e-04
1.682603383996058438e-03
1.204376682851395278e-03
2.293917040074531719e-03
1.714193681250671683e-03
1.057628889481049056e-03
1.267597726898363197e-03
1.892851024850559193e-03
1.840675246495094902e-03
1.933152249834255978e-03
1.615153955704629399e-03
2.299924586267627392e-03
1.397082437371440725e-03
1.623133091383722332e-03
1.246200134963685886e-03
1.658033283760481855e-03
1.809238692560884631e-03
1.358232277061858931e-03
1.557387729050090618e-03
1.837998852671664804e-03
1.683615388056250179e-03
1.305768612322600296e-03
1.746248350829628093e-03
2.352666971291616799e-03
1.381271419823356088e-03
1.258726857829181112e-03
1.941742105182206251e-03
1.802426233876214604e-03
1.690664438183680238e-03
1.444536243465766381e-03
1.484165224475359922e-03
1.184580442730403952e-03
1.558788930704010575e-03
1.943368077072302105e-03
1.337076539355182888e-03
1.831684738167278477e-03
1.686445568819680985e-03
1.758219931592851790e-03
1.534273857568203793e-03
2.161940780248186155e-03
1.506217360296912763e-03
1.474724162615178441e-03
1.339314907883153074e-03
1.645234357402315835e-03
1.803515685421945439e-03
1.827355063857811091e-03
1.031690369054519838e-03
1.737046695797445604e-03
2.360794830682974924e-03
1.472497779349124644e-03
2.511991921633016742e-03
1.677591475908159864e-03
1.479686425774686146e-03
2.171381596897261224e-03
1.771022178424387378e-03
1.504258635063507061e-03
1.407471327281818816e-03
1.691092128047784774e-03
1.164504342277833263e-03
1.687832024902075415e-03
1.315776912380328461e-03
1.359853283957255556e-03
1.703919151548181476e-03
1.839327393574776912e-03
1.804928096295963305e-03
1.592655017007680966e-03
1.619237630719818103e-03
1.877954368593108330e-03
1.464141532772587949e-03
1.726835119104447791e-03
1.543219704003482001e-03
1.445194731390906729e-03
1.537912494325287521e-03
1.493459066952290866e-03
1.774297927862879178e-03
1.227416227853391157e-03
1.493395818387099633e-03
1.278810782180000473e-03
1.345311753307871019e-03
1.900510326471415877e-03
1.848443746121360403e-03
1.942062699434748442e-03
1.716335207136160477e-03
2.205450185165483933e-03
1.571709783132248630e-03
1.210741813555838136e-03
1.749169001965522651e-03
1.762058456768655391e-03
2.981742171964377533e-03
2.067855750964249506e-03
1.998211771870286174e-03
1.274353219073709031e-03
1.085985855470032301e-03
1.928260895956940149e-03
1.078560330934945789e-03
2.325792873726804585e-03
1.054998085116162949e-03
1.341526676512100466e-03
1.484079427265065036e-03
1.764700007135720523e-03
1.928241128260438321e-03
2.215100266605206456e-03
2.098227795292042109e-03
2.006591527666146731e-03
1.334622844696004701e-03
1.922059640501651116e-03
1.749685856966600285e-03
2.046491276331651680e-03
1.575978089120901862e-03
1.021202719493839641e-03
2.002855767323954810e-03
1.403295111833688944e-03
1.611204638241952973e-03
2.231574548985793514e-03
1.846591188297590702e-03
1.900813211344071479e-03
1.526713643340813420e-03
1.741232121623082375e-03
7.126800240493181334e-04
1.783074482949366423e-03
1.555292668592107679e-03
8.078192156073794828e-04
1.384843865171126766e-03
1.582182145788903638e-03
1.794535616347380132e-03
9.628055536864165483e-04
1.433517063134422207e-03
1.290626010145949198e-03
1.394649153833506456e-03
9.504012275050357757e-04
1.841238941389943679e-03
1.751014450317094117e-03
1.548525432716195806e-03
1.566086498658610885e-03
1.249889640374302752e-03
1.756986136166894478e-03
1.121775455458161840e-03
1.351617589703214698e-03
1.419753434600040144e-03
1.165087523329971569e-03
1.625606509443350278e-03
1.155792315001883622e-03
1.750415689243136046e-03
1.444398044130130055e-03
1.032460806327392677e-03
7.585823353804454702e-04
7.203358777570709193e-04
1.375584688066587872e-03
1.558024887480768646e-03
1.293552792243925741e-03
1.655990402957178455e-03
1.571078897244752295e-03
1.456368931242509957e-03
1.278646705717356984e-03
1.960013377529095692e-03
1.378476501783901329e-03
1.677153447744546538e-03
1.541781267847661899e-03
1.397062646576182265e-03
1.626209365032521342e-03
1.618342922855953159e-03
1.205623026767617487e-03
1.410031752813770915e-03
9.980351877269173257e-04
1.647912526588085494e-03
1.290461488265268186e-03
1.019015047458066842e-03
1.174567426787522049e-03
1.501804220528106439e-03
2.050963393793757417e-03
1.905179947663819496e-03
1.556405725221010269e-03
2.239021176730749720e-03
2.086168919735588261e-03
1.303910877365686751e-03
1.614395169533231226e-03
1.014786921240708011e-03
1.409347000400923465e-03
1.775459749486489212e-03
1.614222186154427169e-03
1.187398167923095667e-03
1.355749182803066581e-03
1.286516540560066462e-03
1.431627414107665679e-03
1.477684280147112048e-03
1.277641485496012683e-03
1.984766993814718675e-03
1.855553948955153626e-03
1.807677724634669698e-03
1.350110398203957290e-03
1.798820380443816227e-03
2.508255948005833156e-03
1.295886934751981114e-03
1.040811142152944790e-03
9.603943861249943309e-04
1.810886820835283040e-03
1.907660959405117892e-03
2.092097064583938685e-03
1.493751526331755283e-03
1.191462723537500216e-03
1.601281342517980747e-03
1.068661319382368472e-03
1.732908380322801698e-03
1.978259191017339540e-03
1.932865487257862938e-03
1.293749942643824613e-03
1.915536959562689091e-03
1.100227732361793234e-03
1.169551449387563630e-03
8.832107978477585046e-04
1.586208081210985828e-03
1.796270623761599215e-03
1.560949755777557785e-03
1.075299013044129191e-03
1.439389762299511828e-03
1.459576074062032738e-03
1.273446632347185808e-03
1.122513177367955289e-03
1.427960124370582012e-03
1.674565355262185810e-03
1.430886457322910364e-03
1.466955604906725660e-03
1.611931619270053247e-03
1.486293385558210868e-03
1.529241820418349770e-03
1.722653072283590993e-03
1.169280665572367591e-03
2.406553058461511317e-03
1.730351125055444497e-03
1.825083006952520504e-03
1.347761592868920461e-03
2.017768813783667702e-03
1.266052379057044583e-03
1.289737965295889230e-03
1.747032578369441891e-03
1.514190535665067318e-03
1.817970432480514641e-03
9.444247856093671879e-04
1.422652981007652227e-03
1.240847421173527261e-03
1.399680171927798972e-03
1.378118787246198360e-03
1.164205253926157198e-03
1.058474558650750880e-03
1.626669439669675091e-03
1.238449164784317024e-03
1.348340430868165104e-03
7.869245597840097712e-04
1.198315466337653099e-03
1.402388668807129108e-03
1.270433447140960175e-03
1.476901192673661829e-03
8.484724784199731973e-04
1.454854316751126846e-03
1.152945951936684265e-03
1.433924803179220013e-03
1.247330859732932251e-03
1.191011291801160558e-03
1.610637259564126535e-03
1.442318819926974565e-03
1.381050360882773737e-03
1.555655020839337606e-03
1.962375427053724124e-03
1.260099545217352804e-03
1.163779997435749648e-03
1.124094259837573511e-03
8.663986839013828939e-04
1.536062819766982959e-03
1.246457997538476161e-03
1.055063821732992596e-03
1.519124434104354195e-03
1.300737644771935656e-03
9.640616527726968968e-04
8.953421532144311941e-04
1.728586161677116628e-03
1.164855837230738310e-03
1.620593961304466835e-03
1.460104482850711066e-03
1.536917301336804525e-03
1.365727291441436696e-03
1.523403259079714276e-03
1.301384215853943708e-03
9.169415307601430859e-04
1.676646517451284464e-03
1.108931805146266781e-03
1.381942186462829705e-03
1.704329672728530087e-03
1.627098953465683142e-03
9.721883741898758313e-04
1.790658044979472497e-03
9.862731711249906642e-04
1.623659174215843961e-03
1.344313277986362203e-03
1.010025781941158206e-03
1.410282419961962240e-03
1.213563076347703301e-03
2.024270092711716665e-03
1.858814530353539813e-03
1.041978784220618176e-03
1.133775253530749840e-03
9.389808572414406595e-04
1.948968992032394307e-03
1.122611437853059720e-03
1.194633624928819046e-03
1.718675739061482606e-03
1.211638973775235918e-03
1.012541740727308532e-03
1.048336463007984790e-03
1.227354271396193441e-03
1.005711555988929220e-03
1.429011119547212404e-03
1.674254928985514836e-03
7.420382454674813964e-04
1.948525086764657088e-03
1.126449725972400104e-03
2.106164084081232207e-03
9.638064888097693482e-04
1.182609372684819901e-03
1.385739635362922845e-03
1.441912424165574681e-03
1.194661594320730724e-03
1.134900367386875147e-03
1.528840327995737835e-03
1.530105839506717968e-03
1.368520863879268490e-03
1.374020733298261625e-03
1.799093142247017206e-03
1.410667937080540332e-03
2.004690601436539838e-03
1.499547929948766810e-03
1.244605748770815940e-03
1.236005721626418216e-03
1.165683242440483745e-03
1.438480297350638263e-03
8.863366885773907907e-04
1.001950988084061118e-03
2.071070516307298506e-03
1.342147936520418205e-03
1.291158316510554243e-03
1.236715647054398770e-03
1.415650446373961733e-03
1.634134917188895123e-03
1.294693174504312014e-03
1.360513642481127154e-03
1.253447957811266913e-03
1.562954555510974539e-03
1.767021822489320921e-03
1.865480552648519702e-03
1.462063859792423230e-03
1.719628743636650910e-03
1.462564792853863907e-03
1.508931178944652746e-03
1.362322621487159708e-03
1.939739745499136818e-03
1.178864617559887730e-03
1.247668753583397894e-03
1.274574347663325752e-03
1.137856597170119801e-03
9.725922168848854729e-04
1.469475748885241398e-03
1.402327168444826751e-03
1.207791898975139281e-03
8.323401975063569620e-04
1.442580537529122072e-03
8.794522558033853864e-04
1.385458614604071414e-03
1.854478760710815419e-03
1.615574229890075989e-03
1.741012328009883692e-03
1.140156287795985636e-03
9.153935072974447428e-04
8.909669220883180071e-04
1.565283049679476457e-03
1.149958063479589610e-03
9.199384997006233551e-04
1.378549986307544065e-03
1.733279580286775125e-03
9.268868300575290337e-04
8.307367168402977290e-04
1.077719375227978883e-03
9.645948578160156361e-04
1.684864793930824622e-03
1.124854634128790928e-03
9.728664539790168875e-04
1.361684300311340624e-03
1.210000209138997491e-03
1.130393220702763509e-03
9.610171828481634676e-04
1.217012384210627678e-03
7.184912512165906370e-04
1.031619590758663888e-03
2.008570707335581487e-03
1.209474157962270313e-03
1.052340469123998678e-03
8.250763405859753291e-04
9.675864013296768366e-04
1.329803478409276665e-03
1.162850179017956270e-03
1.193863905593579595e-03
1.524014049871202188e-03
1.098909866939409494e-03
1.144271057862443226e-03
1.259646650110930050e-03
9.969032845779208455e-04
1.181406229054979490e-03
8.425355949722990179e-04
1.100891878285237616e-03
1.069990854937323673e-03
1.297892246366070049e-03
1.207868719165898670e-03
1.431171282395950119e-03
9.869604600337312118e-04
1.298415039184857428e-03
1.279349792631718011e-03
9.655715726416114588e-04
1.234182226748640598e-03
7.630777246851113164e-04
1.420326660782545184e-03
1.449250992795529398e-03
1.187428145587214948e-03
1.500468955868730549e-03
1.227076576974308296e-03
1.676057284081752374e-03
1.185719771812111410e-03
1.281708241946714509e-03
1.204788689274209363e-03
1.056175210107895834e-03
1.348103051826256846e-03
1.310376699593799807e-03
1.982024434592368801e-03
1.542068177958254641e-03
1.291331815333874146e-03
8.298849879357631703e-04
1.236091381751850760e-03
1.314231298516174793e-03
8.991778496215631269e-04
1.386601827144647156e-03
1.312902356692311444e-03
1.106857616879520709e-03
8.806241633369938770e-04
1.106931766247731515e-03
9.764827779281978586e-04
9.195645619183948375e-04
7.529514568365329799e-04
1.854397821713447969e-03
1.206483787136502844e-03
9.623919964406391428e-04
1.075145346474803715e-03
1.473152048571005433e-03
1.201514694355399664e-03
1.047539642851619702e-03
1.418698151854962553e-03
1.481767297643546682e-03
1.080862660666280072e-03
8.872859782488690897e-04
1.449701040188620081e-03
2.007409484519304815e-03
1.523626594683607626e-03
1.167745355108473207e-03
1.412121401172052298e-03
1.349868623449415952e-03
1.428135685867740071e-03
1.529886933788393230e-03
1.425565239742162486e-03
1.802060297573870569e-03
1.505335549338342616e-03
1.727396231424192276e-03
1.321492139622647494e-03
1.103432939754700384e-03
8.756053407855032269e-04
1.104252279998638652e-03
9.793602559848672839e-04
7.573253738371416802e-04
