9.463666666666666893e-01
9.697166666666666712e-01
9.779999999999999805e-01
9.812499999999999556e-01
9.860833333333333117e-01
9.950833333333333197e-01
9.933999999999999497e-01
9.979666666666666686e-01
9.979000000000000092e-01
9.992999999999999661e-01
9.997500000000000275e-01
9.996166666666667089e-01
9.976833333333333664e-01
9.999500000000000055e-01
1.000000000000000000e+00
1.000000000000000000e+00
1.000000000000000000e+00
1.000000000000000000e+00
1.000000000000000000e+00
1.000000000000000000e+00
