9.425333333333333341e-01
9.652166666666666117e-01
9.765333333333333643e-01
9.754333333333333744e-01
9.844500000000000473e-01
9.941333333333333133e-01
9.952499999999999680e-01
9.970166666666666622e-01
9.979166666666666741e-01
9.993833333333332902e-01
9.996000000000000441e-01
9.997833333333333572e-01
9.968166666666666842e-01
9.999500000000000055e-01
1.000000000000000000e+00
1.000000000000000000e+00
1.000000000000000000e+00
1.000000000000000000e+00
1.000000000000000000e+00
1.000000000000000000e+00
